0 0.5288461538461539 0.9362980769230769 0.12139423076923077 0.12740384615384615
0 0.7211538461538461 0.2091346153846154 0.042067307692307696 0.06971153846153846
0 0.6622596153846154 0.19110576923076922 0.03125 0.06129807692307692
0 0.6021634615384616 0.1141826923076923 0.03125 0.04447115384615385
0 0.5564903846153846 0.15865384615384615 0.028846153846153848 0.055288461538461536
0 0.5384615384615384 0.08774038461538461 0.030048076923076924 0.05889423076923077
0 0.28725961538461536 0.06009615384615385 0.019230769230769232 0.052884615384615384
0 0.24519230769230768 0.09495192307692307 0.02403846153846154 0.04447115384615385
0 0.21514423076923078 0.08653846153846154 0.02403846153846154 0.05048076923076923
0 0.18509615384615385 0.140625 0.03365384615384615 0.05889423076923077
0 0.16947115384615385 0.2127403846153846 0.03365384615384615 0.06370192307692307
0 0.07692307692307693 0.23076923076923078 0.030048076923076924 0.055288461538461536
0 0.036057692307692304 0.31009615384615385 0.03365384615384615 0.06370192307692307
0 0.07932692307692307 0.4735576923076923 0.04447115384615385 0.07451923076923077