0 0.8425480769230769 0.5985576923076923 0.039663461538461536 0.10336538461538461
0 0.625 0.6670673076923077 0.046875 0.13942307692307693
0 0.78125 0.38100961538461536 0.037259615384615384 0.06129807692307692
0 0.8317307692307693 0.32091346153846156 0.037259615384615384 0.08052884615384616
0 0.7283653846153846 0.23317307692307693 0.055288461538461536 0.0829326923076923
0 0.5108173076923077 0.06009615384615385 0.037259615384615384 0.052884615384615384
0 0.34975961538461536 0.13942307692307693 0.03485576923076923 0.06129807692307692
0 0.3161057692307692 0.11298076923076923 0.036057692307692304 0.05889423076923077
0 0.3004807692307692 0.046875 0.026442307692307692 0.03365384615384615
0 0.30528846153846156 0.015625 0.03365384615384615 0.025240384615384616
0 0.2620192307692308 0.07451923076923077 0.025240384615384616 0.038461538461538464
0 0.21634615384615385 0.08774038461538461 0.03125 0.05889423076923077
0 0.22596153846153846 0.19591346153846154 0.030048076923076924 0.07451923076923077
0 0.1814903846153846 0.203125 0.025240384615384616 0.05048076923076923
0 0.06850961538461539 0.11538461538461539 0.026442307692307692 0.042067307692307696
0 0.07451923076923077 0.22235576923076922 0.03485576923076923 0.06129807692307692
0 0.051682692307692304 0.27884615384615385 0.04447115384615385 0.08052884615384616