0 0.6610576923076923 0.19951923076923078 0.03485576923076923 0.06129807692307692
0 0.6165865384615384 0.140625 0.028846153846153848 0.06370192307692307
0 0.5841346153846154 0.0985576923076923 0.021634615384615384 0.046875
0 0.5420673076923077 0.08173076923076923 0.025240384615384616 0.046875
0 0.5480769230769231 0.15144230769230768 0.03365384615384615 0.046875
0 0.33533653846153844 0.2283653846153846 0.042067307692307696 0.0829326923076923
0 0.23677884615384615 0.1875 0.03485576923076923 0.08052884615384616
0 0.15985576923076922 0.16947115384615385 0.02403846153846154 0.06129807692307692
0 0.08173076923076923 0.2247596153846154 0.025240384615384616 0.05048076923076923
0 0.046875 0.2956730769230769 0.03485576923076923 0.06971153846153846
0 0.21394230769230768 0.08774038461538461 0.025240384615384616 0.06370192307692307
0 0.2439903846153846 0.09134615384615384 0.025240384615384616 0.055288461538461536
0 0.2920673076923077 0.05889423076923077 0.025240384615384616 0.055288461538461536