0 0.5516826923076923 0.9399038461538461 0.12139423076923077 0.11899038461538461
0 0.7007211538461539 0.23557692307692307 0.051682692307692304 0.06129807692307692
0 0.6766826923076923 0.19471153846153846 0.025240384615384616 0.055288461538461536
0 0.5949519230769231 0.109375 0.028846153846153848 0.046875
0 0.5564903846153846 0.15985576923076922 0.028846153846153848 0.052884615384615384
0 0.5204326923076923 0.08173076923076923 0.021634615384615384 0.052884615384615384
0 0.29086538461538464 0.055288461538461536 0.02403846153846154 0.05048076923076923
0 0.2439903846153846 0.09254807692307693 0.026442307692307692 0.046875
0 0.21394230769230768 0.08413461538461539 0.02403846153846154 0.052884615384615384
0 0.16706730769230768 0.15504807692307693 0.028846153846153848 0.06129807692307692
0 0.20552884615384615 0.1935096153846154 0.030048076923076924 0.07451923076923077
0 0.1658653846153846 0.20793269230769232 0.020432692307692308 0.04447115384615385
0 0.07211538461538461 0.22115384615384615 0.026442307692307692 0.052884615384615384
0 0.037259615384615384 0.3004807692307692 0.03365384615384615 0.06610576923076923
0 0.11298076923076923 0.4110576923076923 0.04567307692307692 0.09975961538461539