0 0.5745192307692307 0.6802884615384616 0.11057692307692307 0.16105769230769232
0 0.7668269230769231 0.30649038461538464 0.040865384615384616 0.06971153846153846
0 0.6694711538461539 0.140625 0.042067307692307696 0.06370192307692307
0 0.6117788461538461 0.12620192307692307 0.026442307692307692 0.08052884615384616
0 0.5372596153846154 0.09134615384615384 0.03485576923076923 0.05048076923076923
0 0.4387019230769231 0.028846153846153848 0.026442307692307692 0.052884615384615384
0 0.29927884615384615 0.06009615384615385 0.028846153846153848 0.06370192307692307
0 0.25600961538461536 0.08653846153846154 0.025240384615384616 0.05048076923076923
0 0.21394230769230768 0.0889423076923077 0.02403846153846154 0.06129807692307692
0 0.2091346153846154 0.1875 0.04567307692307692 0.08653846153846154
0 0.18269230769230768 0.18509615384615385 0.020432692307692308 0.05889423076923077
0 0.16947115384615385 0.2127403846153846 0.016826923076923076 0.052884615384615384
0 0.10336538461538461 0.28725961538461536 0.03365384615384615 0.06971153846153846
0 0.07211538461538461 0.22355769230769232 0.028846153846153848 0.052884615384615384
0 0.07572115384615384 0.06850961538461539 0.021634615384615384 0.042067307692307696