0 0.039663461538461536 0.2848557692307692 0.02403846153846154 0.07451923076923077
0 0.07211538461538461 0.22956730769230768 0.030048076923076924 0.06971153846153846
0 0.16826923076923078 0.20552884615384615 0.021634615384615384 0.06129807692307692
0 0.1814903846153846 0.140625 0.03485576923076923 0.06370192307692307
0 0.20072115384615385 0.19110576923076922 0.039663461538461536 0.06129807692307692
0 0.21634615384615385 0.08653846153846154 0.021634615384615384 0.05048076923076923
0 0.2439903846153846 0.09735576923076923 0.025240384615384616 0.04447115384615385
0 0.28966346153846156 0.06009615384615385 0.025240384615384616 0.05889423076923077
0 0.5168269230769231 0.09134615384615384 0.028846153846153848 0.05048076923076923
0 0.5144230769230769 0.27524038461538464 0.04927884615384615 0.10576923076923077
0 0.5685096153846154 0.1658653846153846 0.03365384615384615 0.07451923076923077
0 0.6105769230769231 0.1045673076923077 0.03485576923076923 0.06370192307692307
0 0.671875 0.20552884615384615 0.03485576923076923 0.06129807692307692
0 0.6742788461538461 0.36658653846153844 0.051682692307692304 0.09495192307692307
0 0.6478365384615384 0.8966346153846154 0.109375 0.171875