0 0.8533653846153846 0.6790865384615384 0.05048076923076923 0.11899038461538461
0 0.7608173076923077 0.6935096153846154 0.06971153846153846 0.1466346153846154
0 0.7151442307692307 0.4651442307692308 0.04927884615384615 0.08653846153846154
0 0.6526442307692307 0.4639423076923077 0.05048076923076923 0.09975961538461539
0 0.7283653846153846 0.22355769230769232 0.0625 0.07451923076923077
0 0.5072115384615384 0.056490384615384616 0.042067307692307696 0.05889423076923077
0 0.3581730769230769 0.14423076923076922 0.03485576923076923 0.06610576923076923
0 0.32211538461538464 0.11899038461538461 0.03365384615384615 0.06610576923076923
0 0.30649038461538464 0.04447115384615385 0.040865384615384616 0.05048076923076923
0 0.27163461538461536 0.08413461538461539 0.026442307692307692 0.052884615384615384
0 0.23677884615384615 0.06610576923076923 0.03125 0.05048076923076923
0 0.23076923076923078 0.019230769230769232 0.03365384615384615 0.03365384615384615
0 0.20072115384615385 0.18509615384615385 0.05048076923076923 0.08653846153846154
0 0.09615384615384616 0.13341346153846154 0.03485576923076923 0.055288461538461536
0 0.08533653846153846 0.2283653846153846 0.05048076923076923 0.06129807692307692
0 0.03125 0.31850961538461536 0.040865384615384616 0.06971153846153846