0 0.9230769230769231 0.6670673076923077 0.039663461538461536 0.09495192307692307
0 0.7764423076923077 0.6694711538461539 0.056490384615384616 0.0889423076923077
0 0.7307692307692307 0.3894230769230769 0.05889423076923077 0.0889423076923077
0 0.47115384615384615 0.04447115384615385 0.025240384615384616 0.06129807692307692
0 0.296875 0.04807692307692308 0.030048076923076924 0.05889423076923077
0 0.2548076923076923 0.140625 0.016826923076923076 0.036057692307692304
0 0.22596153846153846 0.125 0.028846153846153848 0.05048076923076923
0 0.203125 0.19831730769230768 0.04447115384615385 0.07451923076923077
0 0.18870192307692307 0.12620192307692307 0.030048076923076924 0.042067307692307696
0 0.13942307692307693 0.11658653846153846 0.026442307692307692 0.04447115384615385
0 0.07572115384615384 0.18389423076923078 0.025240384615384616 0.038461538461538464
0 0.0625 0.2704326923076923 0.040865384615384616 0.052884615384615384
0 0.039663461538461536 0.3125 0.036057692307692304 0.046875
0 0.16706730769230768 0.12259615384615384 0.019230769230769232 0.05048076923076923