0 0.5372596153846154 0.9495192307692307 0.14543269230769232 0.09975961538461539
0 0.6310096153846154 0.1346153846153846 0.03485576923076923 0.07451923076923077
0 0.5889423076923077 0.10697115384615384 0.02403846153846154 0.052884615384615384
0 0.5564903846153846 0.15745192307692307 0.019230769230769232 0.052884615384615384
0 0.5420673076923077 0.11658653846153846 0.025240384615384616 0.038461538461538464
0 0.29086538461538464 0.06129807692307692 0.02403846153846154 0.05048076923076923
0 0.24158653846153846 0.09014423076923077 0.016826923076923076 0.046875
0 0.21514423076923078 0.09014423076923077 0.020432692307692308 0.05889423076923077
0 0.17427884615384615 0.1466346153846154 0.026442307692307692 0.055288461538461536
0 0.16346153846153846 0.21153846153846154 0.03125 0.06129807692307692
0 0.078125 0.23317307692307693 0.02403846153846154 0.06129807692307692
0 0.038461538461538464 0.2956730769230769 0.03365384615384615 0.05889423076923077
0 0.08173076923076923 0.6730769230769231 0.036057692307692304 0.07451923076923077