0 0.06850961538461539 0.2247596153846154 0.026442307692307692 0.05048076923076923
0 0.05048076923076923 0.27884615384615385 0.025240384615384616 0.052884615384615384
0 0.1622596153846154 0.39663461538461536 0.051682692307692304 0.11057692307692307
0 0.16947115384615385 0.15384615384615385 0.02403846153846154 0.06370192307692307
0 0.20673076923076922 0.19951923076923078 0.03485576923076923 0.07211538461538461
0 0.21394230769230768 0.08413461538461539 0.021634615384615384 0.052884615384615384
0 0.24639423076923078 0.09735576923076923 0.016826923076923076 0.055288461538461536
0 0.2920673076923077 0.06009615384615385 0.02403846153846154 0.046875
0 0.5144230769230769 0.09014423076923077 0.021634615384615384 0.052884615384615384
0 0.5588942307692307 0.16105769230769232 0.026442307692307692 0.06129807692307692
0 0.6021634615384616 0.1141826923076923 0.026442307692307692 0.06129807692307692
0 0.6778846153846154 0.21153846153846154 0.026442307692307692 0.055288461538461536
0 0.71875 0.2824519230769231 0.04927884615384615 0.08052884615384616
0 0.5348557692307693 0.921875 0.13581730769230768 0.15504807692307693