0 0.5504807692307693 0.8689903846153846 0.11298076923076923 0.171875
0 0.6875 0.3329326923076923 0.05889423076923077 0.11658653846153846
0 0.6742788461538461 0.20192307692307693 0.039663461538461536 0.06971153846153846
0 0.6117788461538461 0.10697115384615384 0.037259615384615384 0.05889423076923077
0 0.5637019230769231 0.15144230769230768 0.036057692307692304 0.05889423076923077
0 0.515625 0.09134615384615384 0.025240384615384616 0.05048076923076923
0 0.296875 0.0625 0.03125 0.046875
0 0.25240384615384615 0.10096153846153846 0.025240384615384616 0.06370192307692307
0 0.21634615384615385 0.08413461538461539 0.02403846153846154 0.052884615384615384
0 0.16947115384615385 0.14903846153846154 0.03365384615384615 0.06370192307692307
0 0.203125 0.20793269230769232 0.046875 0.0889423076923077
0 0.0733173076923077 0.23557692307692307 0.030048076923076924 0.078125
0 0.04447115384615385 0.2860576923076923 0.03365384615384615 0.06610576923076923