0 0.07451923076923077 0.2800480769230769 0.03365384615384615 0.078125
0 0.08653846153846154 0.22355769230769232 0.026442307692307692 0.05889423076923077
0 0.15985576923076922 0.17548076923076922 0.030048076923076924 0.06129807692307692
0 0.2283653846153846 0.19471153846153846 0.028846153846153848 0.078125
0 0.21634615384615385 0.08774038461538461 0.028846153846153848 0.06971153846153846
0 0.24158653846153846 0.09254807692307693 0.020432692307692308 0.052884615384615384
0 0.2920673076923077 0.06129807692307692 0.02403846153846154 0.06129807692307692
0 0.35697115384615385 0.18870192307692307 0.03365384615384615 0.09495192307692307
0 0.5240384615384616 0.08173076923076923 0.025240384615384616 0.052884615384615384
0 0.5504807692307693 0.15865384615384615 0.03125 0.055288461538461536
0 0.5913461538461539 0.10697115384615384 0.03125 0.06971153846153846
0 0.6117788461538461 0.1346153846153846 0.028846153846153848 0.06370192307692307
0 0.6574519230769231 0.19471153846153846 0.03125 0.06610576923076923