0 0.8064903846153846 0.3401442307692308 0.039663461538461536 0.08052884615384616
0 0.5805288461538461 0.6838942307692307 0.09735576923076923 0.1778846153846154
0 0.6983173076923077 0.16826923076923078 0.03365384615384615 0.05889423076923077
0 0.5637019230769231 0.09615384615384616 0.02403846153846154 0.07451923076923077
0 0.53125 0.08413461538461539 0.03485576923076923 0.06971153846153846
0 0.4014423076923077 0.020432692307692308 0.03365384615384615 0.036057692307692304
0 0.29927884615384615 0.05889423076923077 0.02403846153846154 0.055288461538461536
0 0.2536057692307692 0.08774038461538461 0.028846153846153848 0.052884615384615384
0 0.21634615384615385 0.08774038461538461 0.02403846153846154 0.052884615384615384
0 0.18990384615384615 0.1310096153846154 0.030048076923076924 0.06129807692307692
0 0.20673076923076922 0.1875 0.03485576923076923 0.05889423076923077
0 0.17067307692307693 0.21153846153846154 0.02403846153846154 0.055288461538461536
0 0.21033653846153846 0.1466346153846154 0.020432692307692308 0.027644230769230768
0 0.1045673076923077 0.2764423076923077 0.03365384615384615 0.05889423076923077
0 0.06610576923076923 0.23317307692307693 0.025240384615384616 0.06129807692307692
0 0.0625 0.07932692307692307 0.02403846153846154 0.042067307692307696