0 0.6598557692307693 0.19471153846153846 0.028846153846153848 0.07211538461538461
0 0.6057692307692307 0.13701923076923078 0.025240384615384616 0.06971153846153846
0 0.5901442307692307 0.10336538461538461 0.03125 0.04447115384615385
0 0.5480769230769231 0.15865384615384615 0.03365384615384615 0.0829326923076923
0 0.5168269230769231 0.0829326923076923 0.025240384615384616 0.06129807692307692
0 0.36778846153846156 0.17668269230769232 0.04447115384615385 0.08052884615384616
0 0.22956730769230768 0.18870192307692307 0.030048076923076924 0.07211538461538461
0 0.16947115384615385 0.17668269230769232 0.036057692307692304 0.06370192307692307
0 0.21634615384615385 0.09014423076923077 0.021634615384615384 0.06370192307692307
0 0.2439903846153846 0.09615384615384616 0.021634615384615384 0.052884615384615384
0 0.2920673076923077 0.06009615384615385 0.021634615384615384 0.052884615384615384
0 0.09014423076923077 0.22355769230769232 0.021634615384615384 0.052884615384615384
0 0.07451923076923077 0.2764423076923077 0.03125 0.06971153846153846
0 0.16346153846153846 0.21995192307692307 0.02403846153846154 0.055288461538461536