0 0.07451923076923077 0.21754807692307693 0.03365384615384615 0.06370192307692307
0 0.09735576923076923 0.2764423076923077 0.03365384615384615 0.06370192307692307
0 0.1658653846153846 0.21394230769230768 0.02403846153846154 0.06610576923076923
0 0.1875 0.13942307692307693 0.030048076923076924 0.06610576923076923
0 0.21634615384615385 0.18990384615384615 0.039663461538461536 0.09134615384615384
0 0.21394230769230768 0.09134615384615384 0.028846153846153848 0.07211538461538461
0 0.2548076923076923 0.08653846153846154 0.03365384615384615 0.06610576923076923
0 0.2956730769230769 0.078125 0.02403846153846154 0.07211538461538461
0 0.5348557692307693 0.10096153846153846 0.037259615384615384 0.052884615384615384
0 0.5697115384615384 0.17668269230769232 0.02403846153846154 0.06370192307692307
0 0.6081730769230769 0.10336538461538461 0.030048076923076924 0.0829326923076923
0 0.6514423076923077 0.11658653846153846 0.028846153846153848 0.06129807692307692
0 0.7644230769230769 0.2764423076923077 0.037259615384615384 0.10817307692307693
0 0.6057692307692307 0.6694711538461539 0.11658653846153846 0.14423076923076922
0 0.8870192307692307 0.6502403846153846 0.05889423076923077 0.14423076923076922