0 0.9158653846153846 0.859375 0.054086538461538464 0.08653846153846154
0 0.8846153846153846 0.6237980769230769 0.05048076923076923 0.11899038461538461
0 0.703125 0.328125 0.04927884615384615 0.06610576923076923
0 0.6346153846153846 0.6370192307692307 0.06129807692307692 0.1141826923076923
0 0.6081730769230769 0.5372596153846154 0.07091346153846154 0.08653846153846154
0 0.5060096153846154 0.05889423076923077 0.040865384615384616 0.055288461538461536
0 0.2608173076923077 0.051682692307692304 0.03125 0.046875
0 0.22235576923076922 0.06610576923076923 0.03125 0.05048076923076923
0 0.21995192307692307 0.12620192307692307 0.026442307692307692 0.046875
0 0.1875 0.12139423076923077 0.036057692307692304 0.052884615384615384
0 0.1622596153846154 0.12860576923076922 0.016826923076923076 0.046875
0 0.14903846153846154 0.1346153846153846 0.014423076923076924 0.036057692307692304
0 0.20072115384615385 0.19110576923076922 0.03365384615384615 0.06610576923076923
0 0.078125 0.24759615384615385 0.051682692307692304 0.07211538461538461
0 0.051682692307692304 0.3401442307692308 0.03125 0.052884615384615384