0 0.65625 0.18509615384615385 0.03125 0.07451923076923077
0 0.5769230769230769 0.11658653846153846 0.03125 0.07211538461538461
0 0.5276442307692307 0.08653846153846154 0.042067307692307696 0.06610576923076923
0 0.2956730769230769 0.07932692307692307 0.016826923076923076 0.046875
0 0.28125 0.056490384615384616 0.009615384615384616 0.046875
0 0.2439903846153846 0.09735576923076923 0.019230769230769232 0.055288461538461536
0 0.2283653846153846 0.18629807692307693 0.036057692307692304 0.078125
0 0.18269230769230768 0.15865384615384615 0.03125 0.06610576923076923
0 0.20432692307692307 0.08774038461538461 0.02403846153846154 0.06370192307692307
0 0.16346153846153846 0.2091346153846154 0.021634615384615384 0.052884615384615384
0 0.08533653846153846 0.22355769230769232 0.028846153846153848 0.052884615384615384
0 0.055288461538461536 0.2860576923076923 0.03485576923076923 0.078125