0 0.875 0.49399038461538464 0.042067307692307696 0.0829326923076923
0 0.5925480769230769 0.6850961538461539 0.07211538461538461 0.1466346153846154
0 0.5108173076923077 0.056490384615384616 0.042067307692307696 0.046875
0 0.3762019230769231 0.021634615384615384 0.030048076923076924 0.038461538461538464
0 0.2980769230769231 0.04447115384615385 0.028846153846153848 0.04447115384615385
0 0.3088942307692308 0.11658653846153846 0.03365384615384615 0.06129807692307692
0 0.2620192307692308 0.11658653846153846 0.026442307692307692 0.06129807692307692
0 0.2536057692307692 0.07211538461538461 0.02403846153846154 0.03365384615384615
0 0.21394230769230768 0.09014423076923077 0.019230769230769232 0.042067307692307696
0 0.23317307692307693 0.18990384615384615 0.030048076923076924 0.06971153846153846
0 0.17427884615384615 0.21394230769230768 0.02403846153846154 0.038461538461538464
0 0.07091346153846154 0.22956730769230768 0.028846153846153848 0.042067307692307696
0 0.05889423076923077 0.10096153846153846 0.019230769230769232 0.046875
0 0.06490384615384616 0.2848557692307692 0.037259615384615384 0.06971153846153846