0 0.7271634615384616 0.41346153846153844 0.057692307692307696 0.109375
0 0.8004807692307693 0.7091346153846154 0.030048076923076924 0.109375
0 0.9507211538461539 0.703125 0.04567307692307692 0.11538461538461539
0 0.44471153846153844 0.030048076923076924 0.020432692307692308 0.05048076923076923
0 0.296875 0.036057692307692304 0.019230769230769232 0.04807692307692308
0 0.2668269230769231 0.12740384615384615 0.03485576923076923 0.06490384615384616
0 0.22355769230769232 0.11298076923076923 0.019230769230769232 0.055288461538461536
0 0.18389423076923078 0.11177884615384616 0.027644230769230768 0.04807692307692308
0 0.203125 0.19110576923076922 0.03485576923076923 0.07692307692307693
0 0.12139423076923077 0.1141826923076923 0.018028846153846152 0.057692307692307696
0 0.07091346153846154 0.1814903846153846 0.02403846153846154 0.057692307692307696
0 0.05889423076923077 0.27884615384615385 0.027644230769230768 0.08052884615384616
0 0.042067307692307696 0.3016826923076923 0.03485576923076923 0.09014423076923077