0 0.09495192307692307 0.28725961538461536 0.036057692307692304 0.06971153846153846
0 0.07451923076923077 0.21514423076923078 0.026442307692307692 0.046875
0 0.1658653846153846 0.20673076923076922 0.02403846153846154 0.046875
0 0.19110576923076922 0.1622596153846154 0.036057692307692304 0.06370192307692307
0 0.21754807692307693 0.19951923076923078 0.040865384615384616 0.078125
0 0.21394230769230768 0.08653846153846154 0.019230769230769232 0.055288461538461536
0 0.25600961538461536 0.08052884615384616 0.016826923076923076 0.05048076923076923
0 0.29447115384615385 0.05889423076923077 0.019230769230769232 0.06129807692307692
0 0.5360576923076923 0.06610576923076923 0.030048076923076924 0.06610576923076923
0 0.6550480769230769 0.12620192307692307 0.025240384615384616 0.046875
0 0.5877403846153846 0.17307692307692307 0.021634615384615384 0.07451923076923077
0 0.7067307692307693 0.20552884615384615 0.03485576923076923 0.0889423076923077
0 0.7776442307692307 0.30408653846153844 0.03485576923076923 0.05889423076923077
0 0.9483173076923077 0.6358173076923077 0.051682692307692304 0.12740384615384615
0 0.5949519230769231 0.6754807692307693 0.12259615384615384 0.1502403846153846