0 0.5949519230769231 0.8786057692307693 0.11177884615384616 0.16346153846153846
0 0.6754807692307693 0.33052884615384615 0.05889423076923077 0.0829326923076923
0 0.6730769230769231 0.2091346153846154 0.04447115384615385 0.06971153846153846
0 0.6117788461538461 0.10576923076923077 0.025240384615384616 0.06129807692307692
0 0.5600961538461539 0.16706730769230768 0.03485576923076923 0.07211538461538461
0 0.5192307692307693 0.09254807692307693 0.030048076923076924 0.052884615384615384
0 0.43990384615384615 0.2848557692307692 0.05048076923076923 0.10817307692307693
0 0.29086538461538464 0.0625 0.030048076923076924 0.046875
0 0.25 0.10336538461538461 0.02403846153846154 0.055288461538461536
0 0.21514423076923078 0.0889423076923077 0.036057692307692304 0.06129807692307692
0 0.17067307692307693 0.13221153846153846 0.028846153846153848 0.036057692307692304
0 0.16706730769230768 0.20192307692307693 0.019230769230769232 0.046875
0 0.19831730769230768 0.19110576923076922 0.039663461538461536 0.07211538461538461
0 0.07091346153846154 0.22115384615384615 0.028846153846153848 0.06370192307692307
0 0.036057692307692304 0.28365384615384615 0.025240384615384616 0.07211538461538461