0 0.5504807692307693 0.9471153846153846 0.12620192307692307 0.10576923076923077
0 0.21394230769230768 0.3713942307692308 0.054086538461538464 0.10817307692307693
0 0.06129807692307692 0.30288461538461536 0.037259615384615384 0.0889423076923077
0 0.07692307692307693 0.23197115384615385 0.02403846153846154 0.046875
0 0.1658653846153846 0.21634615384615385 0.015625 0.06129807692307692
0 0.17067307692307693 0.1502403846153846 0.03125 0.06610576923076923
0 0.2247596153846154 0.18990384615384615 0.03365384615384615 0.07451923076923077
0 0.21634615384615385 0.08774038461538461 0.028846153846153848 0.05889423076923077
0 0.24879807692307693 0.09254807692307693 0.02403846153846154 0.046875
0 0.28365384615384615 0.056490384615384616 0.019230769230769232 0.05889423076923077
0 0.5192307692307693 0.07692307692307693 0.03125 0.042067307692307696
0 0.546875 0.15144230769230768 0.03485576923076923 0.06370192307692307
0 0.5877403846153846 0.09735576923076923 0.026442307692307692 0.06129807692307692
0 0.6298076923076923 0.13221153846153846 0.03125 0.06370192307692307