0 0.8882211538461539 0.4735576923076923 0.040865384615384616 0.09735576923076923
0 0.6021634615384616 0.6814903846153846 0.07211538461538461 0.16947115384615385
0 0.7367788461538461 0.2247596153846154 0.046875 0.09495192307692307
0 0.6742788461538461 0.25961538461538464 0.030048076923076924 0.05889423076923077
0 0.6754807692307693 0.18028846153846154 0.042067307692307696 0.0889423076923077
0 0.5060096153846154 0.055288461538461536 0.036057692307692304 0.06610576923076923
0 0.38822115384615385 0.021634615384615384 0.042067307692307696 0.038461538461538464
0 0.3004807692307692 0.052884615384615384 0.03365384615384615 0.05048076923076923
0 0.2848557692307692 0.12620192307692307 0.03365384615384615 0.052884615384615384
0 0.25600961538461536 0.0829326923076923 0.030048076923076924 0.07211538461538461
0 0.2127403846153846 0.08774038461538461 0.025240384615384616 0.06370192307692307
0 0.21995192307692307 0.18509615384615385 0.02403846153846154 0.06370192307692307
0 0.07692307692307693 0.28725961538461536 0.03485576923076923 0.07451923076923077
0 0.06971153846153846 0.2247596153846154 0.02403846153846154 0.05048076923076923
0 0.056490384615384616 0.0985576923076923 0.021634615384615384 0.046875