0 0.8413461538461539 0.6754807692307693 0.042067307692307696 0.11658653846153846
0 0.6598557692307693 0.6622596153846154 0.08052884615384616 0.15865384615384615
0 0.8076923076923077 0.3786057692307692 0.037259615384615384 0.07451923076923077
0 0.7235576923076923 0.4110576923076923 0.037259615384615384 0.0889423076923077
0 0.7259615384615384 0.23076923076923078 0.039663461538461536 0.0889423076923077
0 0.5120192307692307 0.0625 0.039663461538461536 0.06370192307692307
0 0.3557692307692308 0.140625 0.036057692307692304 0.06971153846153846
0 0.31971153846153844 0.11778846153846154 0.030048076923076924 0.06370192307692307
0 0.3088942307692308 0.04447115384615385 0.02403846153846154 0.055288461538461536
0 0.2692307692307692 0.09014423076923077 0.021634615384615384 0.046875
0 0.2668269230769231 0.018028846153846152 0.03125 0.030048076923076924
0 0.21033653846153846 0.08774038461538461 0.02403846153846154 0.052884615384615384
0 0.20552884615384615 0.17908653846153846 0.03365384615384615 0.07451923076923077
0 0.04927884615384615 0.2980769230769231 0.040865384615384616 0.06971153846153846
0 0.07572115384615384 0.23076923076923078 0.028846153846153848 0.055288461538461536
0 0.07932692307692307 0.12379807692307693 0.030048076923076924 0.05889423076923077
0 0.18028846153846154 0.19951923076923078 0.021634615384615384 0.05048076923076923