0 0.24639423076923078 0.10096153846153846 0.015625 0.046875
0 0.6706730769230769 0.8942307692307693 0.09735576923076923 0.171875
0 0.6706730769230769 0.36658653846153844 0.04567307692307692 0.11057692307692307
0 0.671875 0.20552884615384615 0.03125 0.05048076923076923
0 0.6117788461538461 0.11538461538461539 0.037259615384615384 0.05889423076923077
0 0.5673076923076923 0.1622596153846154 0.026442307692307692 0.05889423076923077
0 0.5420673076923077 0.27884615384615385 0.04567307692307692 0.08052884615384616
0 0.5204326923076923 0.0889423076923077 0.028846153846153848 0.06129807692307692
0 0.28966346153846156 0.06370192307692307 0.025240384615384616 0.05048076923076923
0 0.21634615384615385 0.08774038461538461 0.036057692307692304 0.06971153846153846
0 0.17548076923076922 0.13221153846153846 0.02403846153846154 0.05889423076923077
0 0.1658653846153846 0.20793269230769232 0.02403846153846154 0.055288461538461536
0 0.1971153846153846 0.19951923076923078 0.03125 0.078125
0 0.0733173076923077 0.23557692307692307 0.030048076923076924 0.07211538461538461
0 0.042067307692307696 0.2776442307692308 0.028846153846153848 0.06129807692307692