0 0.5264423076923077 0.0829326923076923 0.03125 0.05048076923076923
0 0.054086538461538464 0.28365384615384615 0.030048076923076924 0.06129807692307692
0 0.08413461538461539 0.22115384615384615 0.026442307692307692 0.06370192307692307
0 0.16826923076923078 0.2091346153846154 0.026442307692307692 0.06370192307692307
0 0.1778846153846154 0.16105769230769232 0.03365384615384615 0.055288461538461536
0 0.22115384615384615 0.18629807692307693 0.039663461538461536 0.0889423076923077
0 0.2091346153846154 0.08774038461538461 0.026442307692307692 0.08052884615384616
0 0.2439903846153846 0.09615384615384616 0.019230769230769232 0.052884615384615384
0 0.28966346153846156 0.078125 0.030048076923076924 0.06129807692307692
0 0.28966346153846156 0.04447115384615385 0.03365384615384615 0.03365384615384615
0 0.5673076923076923 0.11658653846153846 0.04927884615384615 0.04447115384615385
0 0.6574519230769231 0.18629807692307693 0.03125 0.06129807692307692