0 0.056490384615384616 0.09254807692307693 0.020432692307692308 0.042067307692307696
0 0.078125 0.22596153846153846 0.030048076923076924 0.052884615384615384
0 0.09615384615384616 0.2848557692307692 0.025240384615384616 0.06971153846153846
0 0.16947115384615385 0.21514423076923078 0.010817307692307692 0.030048076923076924
0 0.18509615384615385 0.20192307692307693 0.03485576923076923 0.07451923076923077
0 0.22115384615384615 0.125 0.030048076923076924 0.055288461538461536
0 0.24879807692307693 0.13942307692307693 0.025240384615384616 0.05048076923076923
0 0.2536057692307692 0.08173076923076923 0.020432692307692308 0.030048076923076924
0 0.21754807692307693 0.078125 0.028846153846153848 0.038461538461538464
0 0.29447115384615385 0.056490384615384616 0.02403846153846154 0.052884615384615384
0 0.3870192307692308 0.019230769230769232 0.025240384615384616 0.03365384615384615
0 0.5024038461538461 0.0625 0.039663461538461536 0.06370192307692307
0 0.5673076923076923 0.10817307692307693 0.036057692307692304 0.0829326923076923
0 0.5925480769230769 0.18870192307692307 0.03365384615384615 0.055288461538461536
0 0.7307692307692307 0.22956730769230768 0.04447115384615385 0.08052884615384616
0 0.5877403846153846 0.6899038461538461 0.056490384615384616 0.16947115384615385
0 0.8930288461538461 0.4495192307692308 0.037259615384615384 0.0829326923076923