0 0.6574519230769231 0.19471153846153846 0.02403846153846154 0.06129807692307692
0 0.6129807692307693 0.14423076923076922 0.03365384615384615 0.07211538461538461
0 0.5865384615384616 0.09975961538461539 0.016826923076923076 0.05048076923076923
0 0.5480769230769231 0.15144230769230768 0.036057692307692304 0.052884615384615384
0 0.5084134615384616 0.08173076923076923 0.030048076923076924 0.05889423076923077
0 0.3629807692307692 0.16706730769230768 0.040865384615384616 0.07211538461538461
0 0.29086538461538464 0.06610576923076923 0.026442307692307692 0.055288461538461536
0 0.24639423076923078 0.09975961538461539 0.021634615384615384 0.06129807692307692
0 0.21514423076923078 0.08413461538461539 0.03365384615384615 0.05889423076923077
0 0.23076923076923078 0.1875 0.036057692307692304 0.08653846153846154
0 0.16947115384615385 0.1622596153846154 0.026442307692307692 0.06370192307692307
0 0.16826923076923078 0.21514423076923078 0.016826923076923076 0.052884615384615384
0 0.08774038461538461 0.22355769230769232 0.036057692307692304 0.05889423076923077
0 0.07451923076923077 0.2764423076923077 0.03365384615384615 0.08653846153846154