0 0.27163461538461536 0.04807692307692308 0.021634615384615384 0.052884615384615384
0 0.2512019230769231 0.051682692307692304 0.028846153846153848 0.052884615384615384
0 0.22115384615384615 0.0985576923076923 0.016826923076923076 0.042067307692307696
0 0.2127403846153846 0.12259615384615384 0.026442307692307692 0.05048076923076923
0 0.1778846153846154 0.12740384615384615 0.021634615384615384 0.05048076923076923
0 0.14783653846153846 0.13341346153846154 0.026442307692307692 0.038461538461538464
0 0.20072115384615385 0.19591346153846154 0.037259615384615384 0.06370192307692307
0 0.07211538461538461 0.23918269230769232 0.030048076923076924 0.06129807692307692
0 0.039663461538461536 0.32211538461538464 0.037259615384615384 0.06610576923076923
0 0.5096153846153846 0.052884615384615384 0.03485576923076923 0.055288461538461536
0 0.7211538461538461 0.2644230769230769 0.04447115384615385 0.078125
0 0.6117788461538461 0.5348557692307693 0.040865384615384616 0.09735576923076923
0 0.5877403846153846 0.5925480769230769 0.051682692307692304 0.10817307692307693
0 0.7776442307692307 0.6598557692307693 0.06009615384615385 0.14182692307692307
0 0.8762019230769231 0.8161057692307693 0.04927884615384615 0.13341346153846154