0 0.04447115384615385 0.296875 0.03125 0.06610576923076923
0 0.08052884615384616 0.23076923076923078 0.028846153846153848 0.06129807692307692
0 0.16826923076923078 0.2127403846153846 0.028846153846153848 0.06370192307692307
0 0.16826923076923078 0.15865384615384615 0.03485576923076923 0.05048076923076923
0 0.21634615384615385 0.09254807692307693 0.019230769230769232 0.07451923076923077
0 0.24278846153846154 0.09134615384615384 0.019230769230769232 0.04447115384615385
0 0.2920673076923077 0.056490384615384616 0.019230769230769232 0.046875
0 0.5216346153846154 0.0889423076923077 0.028846153846153848 0.06129807692307692
0 0.5516826923076923 0.15985576923076922 0.028846153846153848 0.05889423076923077
0 0.5925480769230769 0.1141826923076923 0.030048076923076924 0.055288461538461536
0 0.6598557692307693 0.15384615384615385 0.03485576923076923 0.06971153846153846
0 0.5336538461538461 0.9447115384615384 0.125 0.11057692307692307
0 0.10216346153846154 0.8052884615384616 0.042067307692307696 0.07211538461538461
0 0.6346153846153846 0.21754807692307693 0.021634615384615384 0.042067307692307696