0 0.8713942307692307 0.7668269230769231 0.06490384615384616 0.12740384615384615
0 0.7584134615384616 0.6069711538461539 0.06971153846153846 0.15865384615384615
0 0.6346153846153846 0.5588942307692307 0.046875 0.09975961538461539
0 0.6045673076923077 0.5276442307692307 0.04567307692307692 0.11057692307692307
0 0.7524038461538461 0.25961538461538464 0.05048076923076923 0.08653846153846154
0 0.5084134615384616 0.056490384615384616 0.04567307692307692 0.06971153846153846
0 0.2848557692307692 0.054086538461538464 0.036057692307692304 0.046875
0 0.2512019230769231 0.056490384615384616 0.030048076923076924 0.05889423076923077
0 0.25961538461538464 0.12620192307692307 0.03365384615384615 0.06971153846153846
0 0.23317307692307693 0.11899038461538461 0.037259615384615384 0.06129807692307692
0 0.1310096153846154 0.13221153846153846 0.025240384615384616 0.052884615384615384
0 0.19831730769230768 0.19831730769230768 0.042067307692307696 0.08052884615384616
0 0.0733173076923077 0.23317307692307693 0.039663461538461536 0.06129807692307692
0 0.036057692307692304 0.3137019230769231 0.039663461538461536 0.055288461538461536