0 0.5661057692307693 0.6995192307692307 0.07932692307692307 0.15504807692307693
0 0.8173076923076923 0.3545673076923077 0.03125 0.06971153846153846
0 0.7043269230769231 0.1814903846153846 0.04567307692307692 0.06370192307692307
0 0.5865384615384616 0.17548076923076922 0.030048076923076924 0.078125
0 0.5588942307692307 0.0733173076923077 0.039663461538461536 0.08052884615384616
0 0.5288461538461539 0.07692307692307693 0.021634615384615384 0.042067307692307696
0 0.4026442307692308 0.020432692307692308 0.03365384615384615 0.036057692307692304
0 0.2980769230769231 0.06490384615384616 0.03125 0.05889423076923077
0 0.2536057692307692 0.0889423076923077 0.03125 0.06129807692307692
0 0.21394230769230768 0.0889423076923077 0.03125 0.06129807692307692
0 0.18028846153846154 0.12379807692307693 0.025240384615384616 0.046875
0 0.21033653846153846 0.1971153846153846 0.03485576923076923 0.06129807692307692
0 0.2091346153846154 0.14302884615384615 0.026442307692307692 0.036057692307692304
0 0.16826923076923078 0.20552884615384615 0.028846153846153848 0.055288461538461536
0 0.10216346153846154 0.27524038461538464 0.026442307692307692 0.06610576923076923
0 0.06971153846153846 0.22956730769230768 0.026442307692307692 0.052884615384615384
0 0.06490384615384616 0.08653846153846154 0.025240384615384616 0.04447115384615385