0 0.6610576923076923 0.1935096153846154 0.028846153846153848 0.06370192307692307
0 0.6129807692307693 0.13221153846153846 0.025240384615384616 0.052884615384615384
0 0.5901442307692307 0.1045673076923077 0.026442307692307692 0.052884615384615384
0 0.5492788461538461 0.15384615384615385 0.030048076923076924 0.052884615384615384
0 0.5288461538461539 0.0829326923076923 0.026442307692307692 0.05048076923076923
0 0.33774038461538464 0.1971153846153846 0.042067307692307696 0.0829326923076923
0 0.29086538461538464 0.06129807692307692 0.026442307692307692 0.05048076923076923
0 0.24639423076923078 0.09615384615384616 0.030048076923076924 0.052884615384615384
0 0.21514423076923078 0.09134615384615384 0.020432692307692308 0.06610576923076923
0 0.23317307692307693 0.19110576923076922 0.040865384615384616 0.07211538461538461
0 0.15625 0.16947115384615385 0.028846153846153848 0.06129807692307692
0 0.0889423076923077 0.23197115384615385 0.030048076923076924 0.06370192307692307
0 0.06971153846153846 0.28725961538461536 0.036057692307692304 0.09134615384615384