0 0.055288461538461536 0.27884615384615385 0.03125 0.05889423076923077
0 0.08413461538461539 0.22115384615384615 0.026442307692307692 0.052884615384615384
0 0.16466346153846154 0.20673076923076922 0.020432692307692308 0.05889423076923077
0 0.18269230769230768 0.15745192307692307 0.03365384615384615 0.05889423076923077
0 0.2283653846153846 0.19110576923076922 0.03485576923076923 0.0889423076923077
0 0.20793269230769232 0.09254807692307693 0.020432692307692308 0.052884615384615384
0 0.24639423076923078 0.09735576923076923 0.021634615384615384 0.05048076923076923
0 0.296875 0.078125 0.025240384615384616 0.04447115384615385
0 0.2920673076923077 0.046875 0.03365384615384615 0.03365384615384615
0 0.53125 0.0829326923076923 0.021634615384615384 0.055288461538461536
0 0.5661057692307693 0.10576923076923077 0.025240384615384616 0.055288461538461536
0 0.6574519230769231 0.18870192307692307 0.03365384615384615 0.06610576923076923