0 0.8485576923076923 0.6670673076923077 0.040865384615384616 0.11057692307692307
0 0.6502403846153846 0.6694711538461539 0.06129807692307692 0.1502403846153846
0 0.734375 0.41225961538461536 0.036057692307692304 0.10817307692307693
0 0.8245192307692307 0.3605769230769231 0.04927884615384615 0.09495192307692307
0 0.7235576923076923 0.23197115384615385 0.04927884615384615 0.08052884615384616
0 0.5096153846153846 0.06129807692307692 0.03485576923076923 0.055288461538461536
0 0.35697115384615385 0.14543269230769232 0.03125 0.05889423076923077
0 0.3173076923076923 0.11778846153846154 0.030048076923076924 0.05889423076923077
0 0.30649038461538464 0.046875 0.02403846153846154 0.055288461538461536
0 0.27163461538461536 0.018028846153846152 0.020432692307692308 0.030048076923076924
0 0.2692307692307692 0.09134615384615384 0.030048076923076924 0.05048076923076923
0 0.2127403846153846 0.09134615384615384 0.03365384615384615 0.06129807692307692
0 0.21033653846153846 0.18389423076923078 0.04447115384615385 0.06129807692307692
0 0.07211538461538461 0.22956730769230768 0.030048076923076924 0.06971153846153846
0 0.052884615384615384 0.3004807692307692 0.042067307692307696 0.07211538461538461
0 0.07572115384615384 0.11899038461538461 0.025240384615384616 0.05048076923076923
0 0.18028846153846154 0.20552884615384615 0.02403846153846154 0.055288461538461536