0 0.8713942307692307 0.8497596153846154 0.04927884615384615 0.12259615384615384
0 0.7992788461538461 0.6165865384615384 0.0625 0.13341346153846154
0 0.6153846153846154 0.5372596153846154 0.07211538461538461 0.09735576923076923
0 0.5949519230769231 0.6225961538461539 0.08774038461538461 0.11658653846153846
0 0.7283653846153846 0.2932692307692308 0.054086538461538464 0.09735576923076923
0 0.5108173076923077 0.054086538461538464 0.046875 0.06370192307692307
0 0.25961538461538464 0.05889423076923077 0.026442307692307692 0.04447115384615385
0 0.2403846153846154 0.06129807692307692 0.02403846153846154 0.06129807692307692
0 0.20432692307692307 0.19471153846153846 0.039663461538461536 0.06129807692307692
0 0.2091346153846154 0.12259615384615384 0.036057692307692304 0.05048076923076923
0 0.17067307692307693 0.12379807692307693 0.03365384615384615 0.06370192307692307
0 0.1502403846153846 0.12860576923076922 0.025240384615384616 0.05889423076923077
0 0.08173076923076923 0.23076923076923078 0.03365384615384615 0.06129807692307692
0 0.04447115384615385 0.32211538461538464 0.03485576923076923 0.06129807692307692