0 0.8497596153846154 0.6658653846153846 0.056490384615384616 0.09735576923076923
0 0.765625 0.6622596153846154 0.06129807692307692 0.16346153846153846
0 0.6850961538461539 0.4855769230769231 0.056490384615384616 0.12259615384615384
0 0.6466346153846154 0.4651442307692308 0.046875 0.07451923076923077
0 0.7283653846153846 0.22956730769230768 0.04567307692307692 0.07451923076923077
0 0.5120192307692307 0.052884615384615384 0.04927884615384615 0.06610576923076923
0 0.3545673076923077 0.1466346153846154 0.028846153846153848 0.0829326923076923
0 0.3161057692307692 0.12620192307692307 0.036057692307692304 0.052884615384615384
0 0.3088942307692308 0.05048076923076923 0.03365384615384615 0.07211538461538461
0 0.2704326923076923 0.09254807692307693 0.030048076923076924 0.06370192307692307
0 0.23197115384615385 0.0733173076923077 0.03125 0.046875
0 0.22956730769230768 0.026442307692307692 0.036057692307692304 0.046875
0 0.1971153846153846 0.18629807692307693 0.040865384615384616 0.09975961538461539
0 0.10576923076923077 0.125 0.04447115384615385 0.06610576923076923
0 0.08774038461538461 0.23197115384615385 0.04567307692307692 0.06370192307692307
0 0.039663461538461536 0.33653846153846156 0.056490384615384616 0.078125