0 0.07211538461538461 0.5096153846153846 0.04567307692307692 0.09735576923076923
0 0.036057692307692304 0.31009615384615385 0.037259615384615384 0.06971153846153846
0 0.07932692307692307 0.23076923076923078 0.025240384615384616 0.06129807692307692
0 0.17067307692307693 0.21153846153846154 0.03365384615384615 0.07211538461538461
0 0.1814903846153846 0.140625 0.025240384615384616 0.06370192307692307
0 0.2127403846153846 0.08774038461538461 0.021634615384615384 0.05889423076923077
0 0.2439903846153846 0.09254807692307693 0.019230769230769232 0.052884615384615384
0 0.28966346153846156 0.05889423076923077 0.016826923076923076 0.055288461538461536
0 0.5396634615384616 0.08653846153846154 0.03485576923076923 0.05048076923076923
0 0.5552884615384616 0.16105769230769232 0.03125 0.055288461538461536
0 0.6009615384615384 0.11057692307692307 0.03485576923076923 0.055288461538461536
0 0.6610576923076923 0.19110576923076922 0.028846153846153848 0.055288461538461536
0 0.7163461538461539 0.203125 0.040865384615384616 0.07211538461538461
0 0.5264423076923077 0.9387019230769231 0.12740384615384615 0.12259615384615384