0 0.6826923076923077 0.35336538461538464 0.04927884615384615 0.09975961538461539
0 0.6081730769230769 0.5456730769230769 0.04927884615384615 0.06971153846153846
0 0.6995192307692307 0.6141826923076923 0.07091346153846154 0.10576923076923077
0 0.203125 0.20673076923076922 0.036057692307692304 0.08653846153846154
0 0.06129807692307692 0.3473557692307692 0.042067307692307696 0.055288461538461536
0 0.0625 0.25961538461538464 0.03365384615384615 0.05889423076923077
0 0.5108173076923077 0.054086538461538464 0.03365384615384615 0.05889423076923077
0 0.26322115384615385 0.054086538461538464 0.021634615384615384 0.042067307692307696
0 0.21634615384615385 0.12860576923076922 0.037259615384615384 0.046875
0 0.21754807692307693 0.07692307692307693 0.03125 0.046875
0 0.18028846153846154 0.125 0.02403846153846154 0.05048076923076923
0 0.16346153846153846 0.12740384615384615 0.02403846153846154 0.05048076923076923
0 0.14302884615384615 0.140625 0.019230769230769232 0.046875
0 0.8966346153846154 0.6442307692307693 0.036057692307692304 0.11057692307692307
0 0.9278846153846154 0.875 0.020432692307692308 0.04447115384615385