0 0.7536057692307693 0.7932692307692307 0.08774038461538461 0.16346153846153846
0 0.6694711538461539 0.41346153846153844 0.051682692307692304 0.11658653846153846
0 0.6778846153846154 0.23798076923076922 0.039663461538461536 0.09134615384615384
0 0.6069711538461539 0.11538461538461539 0.036057692307692304 0.06370192307692307
0 0.5649038461538461 0.15865384615384615 0.03485576923076923 0.07211538461538461
0 0.5216346153846154 0.0829326923076923 0.028846153846153848 0.05048076923076923
0 0.2920673076923077 0.05889423076923077 0.03125 0.055288461538461536
0 0.24639423076923078 0.09975961538461539 0.028846153846153848 0.06129807692307692
0 0.21634615384615385 0.09134615384615384 0.025240384615384616 0.06129807692307692
0 0.1875 0.12860576923076922 0.03125 0.052884615384615384
0 0.1935096153846154 0.20432692307692307 0.04447115384615385 0.08052884615384616
0 0.1658653846153846 0.21153846153846154 0.025240384615384616 0.06129807692307692
0 0.07091346153846154 0.23557692307692307 0.028846153846153848 0.06129807692307692
0 0.055288461538461536 0.2800480769230769 0.040865384615384616 0.078125