0 0.5456730769230769 0.9483173076923077 0.1201923076923077 0.10336538461538461
0 0.6370192307692307 0.12860576923076922 0.028846153846153848 0.06971153846153846
0 0.5817307692307693 0.09975961538461539 0.025240384615384616 0.04447115384615385
0 0.5492788461538461 0.1658653846153846 0.025240384615384616 0.05889423076923077
0 0.5372596153846154 0.11778846153846154 0.03485576923076923 0.042067307692307696
0 0.28725961538461536 0.06009615384615385 0.021634615384615384 0.046875
0 0.24158653846153846 0.0889423076923077 0.025240384615384616 0.055288461538461536
0 0.2127403846153846 0.08774038461538461 0.025240384615384616 0.06370192307692307
0 0.18509615384615385 0.1346153846153846 0.028846153846153848 0.052884615384615384
0 0.1971153846153846 0.19110576923076922 0.03485576923076923 0.0829326923076923
0 0.08413461538461539 0.23197115384615385 0.021634615384615384 0.06370192307692307
0 0.06129807692307692 0.28725961538461536 0.036057692307692304 0.06370192307692307
0 0.09375 0.4254807692307692 0.04567307692307692 0.11658653846153846
0 0.16706730769230768 0.2091346153846154 0.025240384615384616 0.06370192307692307