0 0.5372596153846154 0.9495192307692307 0.12740384615384615 0.09975961538461539
0 0.09975961538461539 0.8088942307692307 0.04447115384615385 0.0829326923076923
0 0.03485576923076923 0.3016826923076923 0.03485576923076923 0.06971153846153846
0 0.07692307692307693 0.234375 0.026442307692307692 0.06370192307692307
0 0.16826923076923078 0.20793269230769232 0.03365384615384615 0.06610576923076923
0 0.171875 0.15264423076923078 0.03125 0.05048076923076923
0 0.21394230769230768 0.08653846153846154 0.021634615384615384 0.06129807692307692
0 0.24278846153846154 0.09134615384615384 0.019230769230769232 0.05048076923076923
0 0.2920673076923077 0.06370192307692307 0.019230769230769232 0.055288461538461536
0 0.5432692307692307 0.11057692307692307 0.030048076923076924 0.038461538461538464
0 0.5528846153846154 0.16346153846153846 0.026442307692307692 0.055288461538461536
0 0.5949519230769231 0.11298076923076923 0.03485576923076923 0.046875
0 0.6502403846153846 0.14543269230769232 0.039663461538461536 0.06971153846153846
0 0.6358173076923077 0.20673076923076922 0.028846153846153848 0.042067307692307696