0 0.5877403846153846 0.6706730769230769 0.109375 0.11899038461538461
0 0.7680288461538461 0.3088942307692308 0.037259615384615384 0.06610576923076923
0 0.671875 0.13701923076923078 0.037259615384615384 0.05889423076923077
0 0.640625 0.16105769230769232 0.030048076923076924 0.07211538461538461
0 0.5865384615384616 0.16105769230769232 0.03365384615384615 0.055288461538461536
0 0.5372596153846154 0.0889423076923077 0.040865384615384616 0.06129807692307692
0 0.4855769230769231 0.036057692307692304 0.03365384615384615 0.06129807692307692
0 0.3016826923076923 0.06009615384615385 0.03365384615384615 0.06971153846153846
0 0.25841346153846156 0.09014423076923077 0.028846153846153848 0.05889423076923077
0 0.21634615384615385 0.09615384615384616 0.030048076923076924 0.06370192307692307
0 0.21394230769230768 0.1971153846153846 0.036057692307692304 0.07211538461538461
0 0.18629807692307693 0.17307692307692307 0.028846153846153848 0.06971153846153846
0 0.17067307692307693 0.20673076923076922 0.028846153846153848 0.06370192307692307
0 0.07572115384615384 0.22115384615384615 0.03125 0.06370192307692307
0 0.10096153846153846 0.29447115384615385 0.037259615384615384 0.06610576923076923
0 0.06129807692307692 0.05048076923076923 0.030048076923076924 0.04447115384615385