0 0.8677884615384616 0.4963942307692308 0.04567307692307692 0.10336538461538461
0 0.5913461538461539 0.6706730769230769 0.06971153846153846 0.15865384615384615
0 0.7235576923076923 0.22596153846153846 0.028846153846153848 0.06971153846153846
0 0.7560096153846154 0.23076923076923078 0.03485576923076923 0.07211538461538461
0 0.5060096153846154 0.06009615384615385 0.03125 0.06370192307692307
0 0.36538461538461536 0.02403846153846154 0.030048076923076924 0.042067307692307696
0 0.3016826923076923 0.04807692307692308 0.03365384615384615 0.042067307692307696
0 0.2536057692307692 0.0829326923076923 0.019230769230769232 0.03365384615384615
0 0.27163461538461536 0.10096153846153846 0.028846153846153848 0.042067307692307696
0 0.31490384615384615 0.1141826923076923 0.030048076923076924 0.055288461538461536
0 0.21634615384615385 0.0889423076923077 0.02403846153846154 0.06129807692307692
0 0.17307692307692307 0.21153846153846154 0.020432692307692308 0.055288461538461536
0 0.23076923076923078 0.19110576923076922 0.036057692307692304 0.07211538461538461
0 0.0625 0.10096153846153846 0.020432692307692308 0.042067307692307696
0 0.07451923076923077 0.22596153846153846 0.025240384615384616 0.052884615384615384
0 0.0625 0.27884615384615385 0.028846153846153848 0.08052884615384616