0 0.07211538461538461 0.2776442307692308 0.03125 0.078125
0 0.08653846153846154 0.22115384615384615 0.020432692307692308 0.042067307692307696
0 0.1658653846153846 0.21514423076923078 0.016826923076923076 0.052884615384615384
0 0.171875 0.16105769230769232 0.028846153846153848 0.055288461538461536
0 0.22115384615384615 0.18389423076923078 0.026442307692307692 0.078125
0 0.2127403846153846 0.0889423076923077 0.019230769230769232 0.06129807692307692
0 0.24639423076923078 0.09615384615384616 0.028846153846153848 0.05889423076923077
0 0.28725961538461536 0.05889423076923077 0.021634615384615384 0.06129807692307692
0 0.34134615384615385 0.15865384615384615 0.036057692307692304 0.0829326923076923
0 0.5036057692307693 0.08653846153846154 0.039663461538461536 0.06129807692307692
0 0.5492788461538461 0.15865384615384615 0.025240384615384616 0.055288461538461536
0 0.5877403846153846 0.09615384615384616 0.026442307692307692 0.05889423076923077
0 0.6177884615384616 0.12620192307692307 0.037259615384615384 0.06370192307692307
0 0.6622596153846154 0.1935096153846154 0.028846153846153848 0.06370192307692307