0 0.6971153846153846 0.8786057692307693 0.1045673076923077 0.17548076923076922
0 0.6778846153846154 0.39903846153846156 0.051682692307692304 0.125
0 0.5889423076923077 0.24879807692307693 0.051682692307692304 0.1141826923076923
0 0.6766826923076923 0.203125 0.028846153846153848 0.06610576923076923
0 0.609375 0.11658653846153846 0.04567307692307692 0.06129807692307692
0 0.5649038461538461 0.16346153846153846 0.03365384615384615 0.07211538461538461
0 0.5240384615384616 0.09495192307692307 0.030048076923076924 0.06610576923076923
0 0.29447115384615385 0.0625 0.036057692307692304 0.05889423076923077
0 0.24519230769230768 0.10096153846153846 0.026442307692307692 0.052884615384615384
0 0.21995192307692307 0.08413461538461539 0.030048076923076924 0.052884615384615384
0 0.1935096153846154 0.1935096153846154 0.04447115384615385 0.08052884615384616
0 0.17668269230769232 0.13221153846153846 0.03485576923076923 0.052884615384615384
0 0.0733173076923077 0.23317307692307693 0.030048076923076924 0.06129807692307692
0 0.04567307692307692 0.28365384615384615 0.028846153846153848 0.07211538461538461
0 0.16346153846153846 0.203125 0.015625 0.055288461538461536