0 0.8401442307692307 0.6875 0.042067307692307696 0.09735576923076923
0 0.6983173076923077 0.6983173076923077 0.06009615384615385 0.1466346153846154
0 0.6959134615384616 0.43990384615384615 0.037259615384615384 0.10336538461538461
0 0.7728365384615384 0.3954326923076923 0.040865384615384616 0.09735576923076923
0 0.7235576923076923 0.23197115384615385 0.04447115384615385 0.08653846153846154
0 0.5084134615384616 0.06009615384615385 0.039663461538461536 0.06370192307692307
0 0.35216346153846156 0.14182692307692307 0.03365384615384615 0.06129807692307692
0 0.32091346153846156 0.11538461538461539 0.030048076923076924 0.052884615384615384
0 0.3076923076923077 0.046875 0.025240384615384616 0.04447115384615385
0 0.2692307692307692 0.0889423076923077 0.026442307692307692 0.04447115384615385
0 0.22596153846153846 0.09615384615384616 0.02403846153846154 0.05889423076923077
0 0.25 0.018028846153846152 0.026442307692307692 0.030048076923076924
0 0.19591346153846154 0.18509615384615385 0.039663461538461536 0.08052884615384616
0 0.07692307692307693 0.125 0.028846153846153848 0.04447115384615385
0 0.078125 0.23317307692307693 0.042067307692307696 0.06129807692307692
0 0.040865384615384616 0.31009615384615385 0.046875 0.06370192307692307