0 0.8954326923076923 0.6598557692307693 0.04927884615384615 0.10336538461538461
0 0.7536057692307693 0.6454326923076923 0.05048076923076923 0.08052884615384616
0 0.7319711538461539 0.37740384615384615 0.0625 0.09975961538461539
0 0.4855769230769231 0.055288461538461536 0.037259615384615384 0.06129807692307692
0 0.28966346153846156 0.042067307692307696 0.030048076923076924 0.038461538461538464
0 0.25240384615384615 0.140625 0.021634615384615384 0.042067307692307696
0 0.21995192307692307 0.11899038461538461 0.02403846153846154 0.06610576923076923
0 0.20072115384615385 0.19110576923076922 0.03485576923076923 0.078125
0 0.18389423076923078 0.125 0.026442307692307692 0.05048076923076923
0 0.15264423076923078 0.10817307692307693 0.021634615384615384 0.06129807692307692
0 0.08413461538461539 0.1778846153846154 0.026442307692307692 0.055288461538461536
0 0.06129807692307692 0.2764423076923077 0.028846153846153848 0.06370192307692307
0 0.046875 0.32211538461538464 0.028846153846153848 0.04447115384615385