0 0.9098557692307693 0.8497596153846154 0.07211538461538461 0.11658653846153846
0 0.8677884615384616 0.6346153846153846 0.06490384615384616 0.125
0 0.609375 0.640625 0.07091346153846154 0.11899038461538461
0 0.6117788461538461 0.5408653846153846 0.05889423076923077 0.08052884615384616
0 0.7127403846153846 0.3233173076923077 0.05048076923076923 0.1141826923076923
0 0.5060096153846154 0.05889423076923077 0.040865384615384616 0.06129807692307692
0 0.25961538461538464 0.052884615384615384 0.030048076923076924 0.055288461538461536
0 0.22115384615384615 0.06490384615384616 0.026442307692307692 0.036057692307692304
0 0.18269230769230768 0.13341346153846154 0.025240384615384616 0.04447115384615385
0 0.22235576923076922 0.13341346153846154 0.028846153846153848 0.05048076923076923
0 0.203125 0.19110576923076922 0.03485576923076923 0.07211538461538461
0 0.1622596153846154 0.125 0.026442307692307692 0.05048076923076923
0 0.07572115384615384 0.24639423076923078 0.028846153846153848 0.06370192307692307
0 0.056490384615384616 0.3473557692307692 0.042067307692307696 0.055288461538461536