0 0.875 0.8052884615384616 0.06490384615384616 0.12259615384615384
0 0.7644230769230769 0.6189903846153846 0.06490384615384616 0.13942307692307693
0 0.6201923076923077 0.5745192307692307 0.06009615384615385 0.09495192307692307
0 0.625 0.5012019230769231 0.06009615384615385 0.05889423076923077
0 0.7367788461538461 0.25961538461538464 0.04447115384615385 0.06971153846153846
0 0.5132211538461539 0.054086538461538464 0.04567307692307692 0.06971153846153846
0 0.2800480769230769 0.055288461538461536 0.036057692307692304 0.06129807692307692
0 0.24879807692307693 0.05889423076923077 0.026442307692307692 0.055288461538461536
0 0.23918269230769232 0.1310096153846154 0.03125 0.06610576923076923
0 0.2247596153846154 0.10336538461538461 0.014423076923076924 0.03365384615384615
0 0.20432692307692307 0.1310096153846154 0.030048076923076924 0.06129807692307692
0 0.20072115384615385 0.19831730769230768 0.036057692307692304 0.08052884615384616
0 0.14302884615384615 0.125 0.02403846153846154 0.055288461538461536
0 0.0673076923076923 0.23317307692307693 0.030048076923076924 0.07211538461538461
0 0.038461538461538464 0.3233173076923077 0.039663461538461536 0.06971153846153846