0 0.640625 0.13701923076923078 0.042067307692307696 0.046875
0 0.5925480769230769 0.11298076923076923 0.028846153846153848 0.052884615384615384
0 0.5564903846153846 0.15865384615384615 0.021634615384615384 0.05048076923076923
0 0.5372596153846154 0.11899038461538461 0.03485576923076923 0.027644230769230768
0 0.28846153846153844 0.05889423076923077 0.021634615384615384 0.04447115384615385
0 0.24278846153846154 0.09014423076923077 0.021634615384615384 0.042067307692307696
0 0.21394230769230768 0.09014423076923077 0.025240384615384616 0.052884615384615384
0 0.17548076923076922 0.15144230769230768 0.037259615384615384 0.046875
0 0.1658653846153846 0.21153846153846154 0.030048076923076924 0.055288461538461536
0 0.078125 0.23197115384615385 0.026442307692307692 0.046875
0 0.037259615384615384 0.30288461538461536 0.026442307692307692 0.05048076923076923
0 0.09014423076923077 0.7295673076923077 0.04447115384615385 0.08653846153846154
0 0.5432692307692307 0.9483173076923077 0.13701923076923078 0.10336538461538461