0 0.6598557692307693 0.18870192307692307 0.02403846153846154 0.055288461538461536
0 0.6225961538461539 0.13942307692307693 0.046875 0.055288461538461536
0 0.5949519230769231 0.09975961538461539 0.03485576923076923 0.05048076923076923
0 0.5492788461538461 0.15504807692307693 0.036057692307692304 0.07211538461538461
0 0.5072115384615384 0.0829326923076923 0.030048076923076924 0.07211538461538461
0 0.3485576923076923 0.1622596153846154 0.037259615384615384 0.07451923076923077
0 0.2860576923076923 0.06129807692307692 0.020432692307692308 0.04447115384615385
0 0.24639423076923078 0.09495192307692307 0.019230769230769232 0.05048076923076923
0 0.21394230769230768 0.0889423076923077 0.019230769230769232 0.06129807692307692
0 0.2283653846153846 0.18629807692307693 0.030048076923076924 0.06129807692307692
0 0.16826923076923078 0.15504807692307693 0.028846153846153848 0.055288461538461536
0 0.16826923076923078 0.20793269230769232 0.020432692307692308 0.04447115384615385
0 0.09014423076923077 0.22355769230769232 0.025240384615384616 0.052884615384615384
0 0.07091346153846154 0.2776442307692308 0.040865384615384616 0.0829326923076923