0 0.06490384615384616 0.08052884615384616 0.028846153846153848 0.05048076923076923
0 0.07451923076923077 0.23317307692307693 0.025240384615384616 0.06129807692307692
0 0.1045673076923077 0.27884615384615385 0.026442307692307692 0.07451923076923077
0 0.16947115384615385 0.20793269230769232 0.020432692307692308 0.06610576923076923
0 0.19831730769230768 0.2091346153846154 0.040865384615384616 0.05889423076923077
0 0.18509615384615385 0.13221153846153846 0.026442307692307692 0.07451923076923077
0 0.21995192307692307 0.140625 0.02403846153846154 0.05889423076923077
0 0.21634615384615385 0.08052884615384616 0.030048076923076924 0.07211538461538461
0 0.25 0.09014423076923077 0.020432692307692308 0.052884615384615384
0 0.29927884615384615 0.06009615384615385 0.021634615384615384 0.06370192307692307
0 0.39302884615384615 0.018028846153846152 0.020432692307692308 0.030048076923076924
0 0.5084134615384616 0.06971153846153846 0.026442307692307692 0.055288461538461536
0 0.5456730769230769 0.09615384615384616 0.025240384615384616 0.05889423076923077
0 0.6033653846153846 0.17908653846153846 0.030048076923076924 0.05889423076923077
0 0.7475961538461539 0.21995192307692307 0.037259615384615384 0.06610576923076923
0 0.8521634615384616 0.4098557692307692 0.03365384615384615 0.09134615384615384
0 0.5697115384615384 0.7223557692307693 0.07451923076923077 0.14423076923076922