0 0.07692307692307693 0.22355769230769232 0.02403846153846154 0.06370192307692307
0 0.051682692307692304 0.2800480769230769 0.028846153846153848 0.0889423076923077
0 0.25240384615384615 0.36778846153846156 0.054086538461538464 0.11899038461538461
0 0.5252403846153846 0.8774038461538461 0.11057692307692307 0.18389423076923078
0 0.20072115384615385 0.20552884615384615 0.039663461538461536 0.09975961538461539
0 0.17427884615384615 0.15384615384615385 0.030048076923076924 0.06971153846153846
0 0.21394230769230768 0.08774038461538461 0.021634615384615384 0.05889423076923077
0 0.24879807692307693 0.1045673076923077 0.021634615384615384 0.05889423076923077
0 0.2932692307692308 0.06850961538461539 0.019230769230769232 0.05889423076923077
0 0.5144230769230769 0.09134615384615384 0.026442307692307692 0.07211538461538461
0 0.6105769230769231 0.1141826923076923 0.03125 0.06129807692307692
0 0.5625 0.15985576923076922 0.028846153846153848 0.06971153846153846
0 0.6778846153846154 0.20673076923076922 0.039663461538461536 0.06971153846153846
0 0.7127403846153846 0.3125 0.04567307692307692 0.10336538461538461