0 0.054086538461538464 0.3545673076923077 0.028846153846153848 0.042067307692307696
0 0.0673076923076923 0.27524038461538464 0.040865384615384616 0.055288461538461536
0 0.09975961538461539 0.16947115384615385 0.037259615384615384 0.05048076923076923
0 0.17067307692307693 0.09254807692307693 0.03365384615384615 0.042067307692307696
0 0.1778846153846154 0.1310096153846154 0.025240384615384616 0.04447115384615385
0 0.20793269230769232 0.13221153846153846 0.028846153846153848 0.046875
0 0.24519230769230768 0.14182692307692307 0.02403846153846154 0.05048076923076923
0 0.203125 0.1971153846153846 0.040865384615384616 0.07211538461538461
0 0.2764423076923077 0.05048076923076923 0.026442307692307692 0.055288461538461536
0 0.5024038461538461 0.06129807692307692 0.036057692307692304 0.06129807692307692
0 0.7163461538461539 0.36658653846153844 0.04447115384615385 0.09495192307692307
0 0.6862980769230769 0.6141826923076923 0.0625 0.10576923076923077
0 0.8425480769230769 0.6778846153846154 0.0625 0.13341346153846154
0 0.9831730769230769 0.6899038461538461 0.03365384615384615 0.1141826923076923