0 0.5985576923076923 0.6875 0.06490384615384616 0.1310096153846154
0 0.8858173076923077 0.4699519230769231 0.04567307692307692 0.0889423076923077
0 0.734375 0.22956730769230768 0.036057692307692304 0.08653846153846154
0 0.6935096153846154 0.18028846153846154 0.036057692307692304 0.06610576923076923
0 0.5084134615384616 0.052884615384615384 0.042067307692307696 0.055288461538461536
0 0.3918269230769231 0.019230769230769232 0.03365384615384615 0.03365384615384615
0 0.29447115384615385 0.12139423076923077 0.028846153846153848 0.052884615384615384
0 0.3016826923076923 0.04567307692307692 0.037259615384615384 0.046875
0 0.2620192307692308 0.08052884615384616 0.028846153846153848 0.04447115384615385
0 0.2439903846153846 0.11899038461538461 0.03485576923076923 0.055288461538461536
0 0.21394230769230768 0.09254807692307693 0.026442307692307692 0.05889423076923077
0 0.22596153846153846 0.1778846153846154 0.036057692307692304 0.06610576923076923
0 0.055288461538461536 0.10336538461538461 0.025240384615384616 0.038461538461538464
0 0.06610576923076923 0.22235576923076922 0.03125 0.04447115384615385
0 0.07211538461538461 0.27884615384615385 0.04927884615384615 0.08052884615384616
0 0.6850961538461539 0.2668269230769231 0.025240384615384616 0.05048076923076923