0 0.9471153846153846 0.6454326923076923 0.04927884615384615 0.1310096153846154
0 0.7620192307692307 0.640625 0.08173076923076923 0.13581730769230768
0 0.6418269230769231 0.5721153846153846 0.06610576923076923 0.11057692307692307
0 0.6983173076923077 0.36538461538461536 0.06610576923076923 0.10817307692307693
0 0.5204326923076923 0.055288461538461536 0.05048076923076923 0.07211538461538461
0 0.28365384615384615 0.04567307692307692 0.04447115384615385 0.052884615384615384
0 0.203125 0.1935096153846154 0.036057692307692304 0.06971153846153846
0 0.06009615384615385 0.34975961538461536 0.040865384615384616 0.04447115384615385
0 0.0625 0.26802884615384615 0.040865384615384616 0.07451923076923077
0 0.12980769230769232 0.15504807692307693 0.03365384615384615 0.05048076923076923
0 0.17908653846153846 0.12860576923076922 0.026442307692307692 0.046875
0 0.1935096153846154 0.07932692307692307 0.03365384615384615 0.046875
0 0.20793269230769232 0.125 0.03125 0.05048076923076923
0 0.23918269230769232 0.14423076923076922 0.030048076923076924 0.055288461538461536