0 0.7163461538461539 0.30408653846153844 0.05889423076923077 0.10336538461538461
0 0.6730769230769231 0.20432692307692307 0.03485576923076923 0.06971153846153846
0 0.6045673076923077 0.11298076923076923 0.030048076923076924 0.052884615384615384
0 0.5576923076923077 0.16105769230769232 0.03365384615384615 0.06129807692307692
0 0.5108173076923077 0.09134615384615384 0.025240384615384616 0.055288461538461536
0 0.2920673076923077 0.06490384615384616 0.026442307692307692 0.046875
0 0.25240384615384615 0.1045673076923077 0.025240384615384616 0.05889423076923077
0 0.21394230769230768 0.09495192307692307 0.021634615384615384 0.06129807692307692
0 0.16947115384615385 0.14903846153846154 0.02403846153846154 0.052884615384615384
0 0.19831730769230768 0.2091346153846154 0.03485576923076923 0.09134615384615384
0 0.07211538461538461 0.22355769230769232 0.02403846153846154 0.052884615384615384
0 0.051682692307692304 0.27524038461538464 0.03125 0.078125
0 0.22115384615384615 0.3894230769230769 0.05889423076923077 0.11057692307692307
0 0.5288461538461539 0.8930288461538461 0.109375 0.16947115384615385