0 0.8894230769230769 0.44711538461538464 0.037259615384615384 0.0829326923076923
0 0.5997596153846154 0.6850961538461539 0.0625 0.16947115384615385
0 0.7235576923076923 0.23076923076923078 0.03365384615384615 0.07211538461538461
0 0.59375 0.2091346153846154 0.039663461538461536 0.08052884615384616
0 0.6021634615384616 0.11298076923076923 0.026442307692307692 0.06370192307692307
0 0.4963942307692308 0.055288461538461536 0.03485576923076923 0.06610576923076923
0 0.38822115384615385 0.021634615384615384 0.026442307692307692 0.038461538461538464
0 0.2956730769230769 0.054086538461538464 0.030048076923076924 0.052884615384615384
0 0.2536057692307692 0.07932692307692307 0.028846153846153848 0.036057692307692304
0 0.25240384615384615 0.13221153846153846 0.03125 0.05889423076923077
0 0.22115384615384615 0.08052884615384616 0.03125 0.05048076923076923
0 0.2127403846153846 0.12860576923076922 0.03125 0.06971153846153846
0 0.18629807692307693 0.19831730769230768 0.040865384615384616 0.08653846153846154
0 0.16706730769230768 0.2091346153846154 0.015625 0.036057692307692304
0 0.078125 0.22956730769230768 0.026442307692307692 0.05889423076923077
0 0.09495192307692307 0.2848557692307692 0.030048076923076924 0.08052884615384616
0 0.057692307692307696 0.09495192307692307 0.020432692307692308 0.04447115384615385