0 0.8798076923076923 0.4495192307692308 0.036057692307692304 0.0829326923076923
0 0.5997596153846154 0.6971153846153846 0.0625 0.13341346153846154
0 0.7319711538461539 0.22956730769230768 0.040865384615384616 0.09134615384615384
0 0.609375 0.2283653846153846 0.03365384615384615 0.06129807692307692
0 0.6225961538461539 0.13341346153846154 0.030048076923076924 0.055288461538461536
0 0.4891826923076923 0.055288461538461536 0.03125 0.055288461538461536
0 0.39302884615384615 0.019230769230769232 0.036057692307692304 0.03365384615384615
0 0.29447115384615385 0.05048076923076923 0.026442307692307692 0.04447115384615385
0 0.25841346153846156 0.08774038461538461 0.02403846153846154 0.042067307692307696
0 0.25841346153846156 0.12860576923076922 0.02403846153846154 0.05889423076923077
0 0.21394230769230768 0.12620192307692307 0.030048076923076924 0.06370192307692307
0 0.21875 0.078125 0.036057692307692304 0.055288461538461536
0 0.19471153846153846 0.19110576923076922 0.030048076923076924 0.0889423076923077
0 0.17307692307692307 0.20673076923076922 0.025240384615384616 0.052884615384615384
0 0.0733173076923077 0.22355769230769232 0.026442307692307692 0.046875
0 0.09014423076923077 0.2764423076923077 0.03365384615384615 0.05889423076923077
0 0.05889423076923077 0.09495192307692307 0.026442307692307692 0.04447115384615385