0 0.8786057692307693 0.7043269230769231 0.056490384615384616 0.14182692307692307
0 0.890625 0.47115384615384615 0.06610576923076923 0.1141826923076923
0 0.6598557692307693 0.5685096153846154 0.09495192307692307 0.1310096153846154
0 0.7079326923076923 0.171875 0.03485576923076923 0.0889423076923077
0 0.7487980769230769 0.2620192307692308 0.028846153846153848 0.06370192307692307
0 0.6117788461538461 0.11057692307692307 0.03485576923076923 0.07211538461538461
0 0.5757211538461539 0.16947115384615385 0.025240384615384616 0.07211538461538461
0 0.5372596153846154 0.08774038461538461 0.036057692307692304 0.06370192307692307
0 0.2932692307692308 0.0625 0.03125 0.06370192307692307
0 0.25841346153846156 0.09495192307692307 0.028846153846153848 0.06129807692307692
0 0.21875 0.09254807692307693 0.03485576923076923 0.06971153846153846
0 0.18509615384615385 0.13581730769230768 0.03485576923076923 0.06610576923076923
0 0.2127403846153846 0.19591346153846154 0.039663461538461536 0.07451923076923077
0 0.17067307692307693 0.21394230769230768 0.025240384615384616 0.06610576923076923
0 0.06971153846153846 0.21634615384615385 0.02403846153846154 0.055288461538461536
0 0.09975961538461539 0.28846153846153844 0.039663461538461536 0.078125