0 0.8533653846153846 0.6850961538461539 0.054086538461538464 0.11899038461538461
0 0.7716346153846154 0.6622596153846154 0.07211538461538461 0.18629807692307693
0 0.6959134615384616 0.4855769230769231 0.054086538461538464 0.09975961538461539
0 0.6526442307692307 0.47115384615384615 0.037259615384615384 0.08052884615384616
0 0.7259615384615384 0.22596153846153846 0.054086538461538464 0.08052884615384616
0 0.515625 0.06610576923076923 0.054086538461538464 0.06610576923076923
0 0.3629807692307692 0.15144230769230768 0.040865384615384616 0.06971153846153846
0 0.3293269230769231 0.12259615384615384 0.05048076923076923 0.055288461538461536
0 0.3076923076923077 0.046875 0.03125 0.07211538461538461
0 0.2692307692307692 0.08413461538461539 0.030048076923076924 0.052884615384615384
0 0.23677884615384615 0.07451923076923077 0.03485576923076923 0.05048076923076923
0 0.2247596153846154 0.016826923076923076 0.026442307692307692 0.027644230769230768
0 0.19951923076923078 0.18389423076923078 0.05889423076923077 0.0829326923076923
0 0.11057692307692307 0.13221153846153846 0.06009615384615385 0.06971153846153846
0 0.08413461538461539 0.22956730769230768 0.046875 0.07451923076923077
0 0.03365384615384615 0.32091346153846156 0.042067307692307696 0.09134615384615384