0 0.65625 0.19471153846153846 0.03125 0.06610576923076923
0 0.5841346153846154 0.1045673076923077 0.028846153846153848 0.06370192307692307
0 0.5588942307692307 0.15264423076923078 0.03365384615384615 0.05048076923076923
0 0.5072115384615384 0.08052884615384616 0.03365384615384615 0.055288461538461536
0 0.32091346153846156 0.09495192307692307 0.030048076923076924 0.05048076923076923
0 0.29086538461538464 0.06129807692307692 0.026442307692307692 0.05048076923076923
0 0.2439903846153846 0.09975961538461539 0.025240384615384616 0.05048076923076923
0 0.20793269230769232 0.09495192307692307 0.030048076923076924 0.06129807692307692
0 0.20072115384615385 0.18509615384615385 0.030048076923076924 0.06370192307692307
0 0.17427884615384615 0.15865384615384615 0.03365384615384615 0.05048076923076923
0 0.16466346153846154 0.2127403846153846 0.020432692307692308 0.046875
0 0.08653846153846154 0.22235576923076922 0.025240384615384616 0.05048076923076923
0 0.0625 0.2920673076923077 0.03125 0.06610576923076923