0 0.5709134615384616 0.6959134615384616 0.07211538461538461 0.11899038461538461
0 0.8269230769230769 0.3581730769230769 0.037259615384615384 0.078125
0 0.703125 0.18870192307692307 0.040865384615384616 0.06610576923076923
0 0.5925480769230769 0.17908653846153846 0.037259615384615384 0.08052884615384616
0 0.5492788461538461 0.07932692307692307 0.030048076923076924 0.06971153846153846
0 0.39783653846153844 0.019230769230769232 0.028846153846153848 0.03365384615384615
0 0.2980769230769231 0.054086538461538464 0.025240384615384616 0.052884615384615384
0 0.25240384615384615 0.0889423076923077 0.037259615384615384 0.04447115384615385
0 0.21394230769230768 0.08173076923076923 0.026442307692307692 0.052884615384615384
0 0.1875 0.1310096153846154 0.039663461538461536 0.06129807692307692
0 0.203125 0.1935096153846154 0.039663461538461536 0.05889423076923077
0 0.17067307692307693 0.21394230769230768 0.02403846153846154 0.05048076923076923
0 0.10336538461538461 0.27403846153846156 0.030048076923076924 0.06971153846153846
0 0.07211538461538461 0.234375 0.02403846153846154 0.05889423076923077
0 0.06129807692307692 0.0733173076923077 0.021634615384615384 0.052884615384615384