0 0.1658653846153846 0.2127403846153846 0.02403846153846154 0.05889423076923077
0 0.08413461538461539 0.23197115384615385 0.02403846153846154 0.06370192307692307
0 0.06129807692307692 0.28846153846153844 0.03485576923076923 0.06610576923076923
0 0.08533653846153846 0.43028846153846156 0.05048076923076923 0.11057692307692307
0 0.21033653846153846 0.19471153846153846 0.036057692307692304 0.07211538461538461
0 0.1875 0.1346153846153846 0.026442307692307692 0.05889423076923077
0 0.2127403846153846 0.0889423076923077 0.02403846153846154 0.06129807692307692
0 0.2403846153846154 0.0985576923076923 0.016826923076923076 0.06971153846153846
0 0.2848557692307692 0.06009615384615385 0.02403846153846154 0.06370192307692307
0 0.53125 0.11658653846153846 0.039663461538461536 0.06129807692307692
0 0.5504807692307693 0.15865384615384615 0.025240384615384616 0.06129807692307692
0 0.5805288461538461 0.10576923076923077 0.03125 0.04447115384615385
0 0.6394230769230769 0.13341346153846154 0.039663461538461536 0.055288461538461536
0 0.5456730769230769 0.9423076923076923 0.1201923076923077 0.11538461538461539