0 0.8449519230769231 0.6899038461538461 0.06129807692307692 0.1466346153846154
0 0.7439903846153846 0.6947115384615384 0.06009615384615385 0.16706730769230768
0 0.7403846153846154 0.4483173076923077 0.051682692307692304 0.09735576923076923
0 0.6706730769230769 0.4387019230769231 0.06490384615384616 0.11057692307692307
0 0.7223557692307693 0.23197115384615385 0.054086538461538464 0.08052884615384616
0 0.5048076923076923 0.0625 0.05048076923076923 0.08653846153846154
0 0.35697115384615385 0.14543269230769232 0.042067307692307696 0.06971153846153846
0 0.31971153846153844 0.109375 0.03365384615384615 0.06370192307692307
0 0.3088942307692308 0.04447115384615385 0.025240384615384616 0.055288461538461536
0 0.27163461538461536 0.07932692307692307 0.030048076923076924 0.042067307692307696
0 0.23798076923076922 0.078125 0.025240384615384616 0.06610576923076923
0 0.23677884615384615 0.018028846153846152 0.025240384615384616 0.030048076923076924
0 0.1935096153846154 0.18028846153846154 0.04447115384615385 0.078125
0 0.0829326923076923 0.12620192307692307 0.042067307692307696 0.046875
0 0.078125 0.22596153846153846 0.039663461538461536 0.046875
0 0.037259615384615384 0.3088942307692308 0.04447115384615385 0.06610576923076923