0 0.5276442307692307 0.9375 0.125 0.125
0 0.06370192307692307 0.6033653846153846 0.04927884615384615 0.09495192307692307
0 0.039663461538461536 0.29447115384615385 0.03365384615384615 0.06610576923076923
0 0.07932692307692307 0.23197115384615385 0.025240384615384616 0.06370192307692307
0 0.17067307692307693 0.21394230769230768 0.03125 0.07211538461538461
0 0.171875 0.14903846153846154 0.03125 0.052884615384615384
0 0.21394230769230768 0.08774038461538461 0.02403846153846154 0.05889423076923077
0 0.24519230769230768 0.09495192307692307 0.020432692307692308 0.05048076923076923
0 0.28846153846153844 0.056490384615384616 0.019230769230769232 0.052884615384615384
0 0.5384615384615384 0.08653846153846154 0.026442307692307692 0.05048076923076923
0 0.5540865384615384 0.15745192307692307 0.030048076923076924 0.05889423076923077
0 0.5949519230769231 0.11057692307692307 0.02403846153846154 0.055288461538461536
0 0.6550480769230769 0.1935096153846154 0.020432692307692308 0.06370192307692307
0 0.6935096153846154 0.19591346153846154 0.05889423076923077 0.06370192307692307