0 0.8725961538461539 0.7884615384615384 0.0625 0.12740384615384615
0 0.7584134615384616 0.6009615384615384 0.07451923076923077 0.1466346153846154
0 0.6322115384615384 0.5637019230769231 0.06610576923076923 0.13341346153846154
0 0.6045673076923077 0.5108173076923077 0.039663461538461536 0.078125
0 0.75 0.25841346153846156 0.04927884615384615 0.078125
0 0.5144230769230769 0.056490384615384616 0.040865384615384616 0.06370192307692307
0 0.28365384615384615 0.051682692307692304 0.03125 0.052884615384615384
0 0.24639423076923078 0.06129807692307692 0.026442307692307692 0.05048076923076923
0 0.24879807692307693 0.11899038461538461 0.025240384615384616 0.06129807692307692
0 0.21995192307692307 0.125 0.03365384615384615 0.06610576923076923
0 0.19951923076923078 0.1971153846153846 0.036057692307692304 0.0829326923076923
0 0.13822115384615385 0.1346153846153846 0.030048076923076924 0.06370192307692307
0 0.07211538461538461 0.23317307692307693 0.036057692307692304 0.07211538461538461
0 0.037259615384615384 0.3161057692307692 0.03365384615384615 0.06610576923076923