0 0.5372596153846154 0.8665865384615384 0.09975961538461539 0.16105769230769232
0 0.6911057692307693 0.3233173076923077 0.06490384615384616 0.09735576923076923
0 0.6742788461538461 0.20432692307692307 0.03365384615384615 0.08052884615384616
0 0.6117788461538461 0.11057692307692307 0.03365384615384615 0.055288461538461536
0 0.5600961538461539 0.15985576923076922 0.03485576923076923 0.05889423076923077
0 0.5192307692307693 0.09735576923076923 0.026442307692307692 0.06610576923076923
0 0.296875 0.0625 0.030048076923076924 0.06370192307692307
0 0.25240384615384615 0.09615384615384616 0.025240384615384616 0.052884615384615384
0 0.21634615384615385 0.08774038461538461 0.025240384615384616 0.06370192307692307
0 0.17307692307692307 0.1466346153846154 0.03125 0.055288461538461536
0 0.20432692307692307 0.20552884615384615 0.039663461538461536 0.0829326923076923
0 0.07572115384615384 0.22956730769230768 0.021634615384615384 0.05889423076923077
0 0.046875 0.27884615384615385 0.037259615384615384 0.08052884615384616
0 0.3161057692307692 0.3088942307692308 0.051682692307692304 0.12259615384615384