0 0.8786057692307693 0.4387019230769231 0.040865384615384616 0.0829326923076923
0 0.5877403846153846 0.6971153846153846 0.07211538461538461 0.16706730769230768
0 0.7415865384615384 0.22355769230769232 0.030048076923076924 0.08052884615384616
0 0.6189903846153846 0.18990384615384615 0.039663461538461536 0.06370192307692307
0 0.5625 0.11298076923076923 0.03125 0.06370192307692307
0 0.49278846153846156 0.0625 0.039663461538461536 0.05889423076923077
0 0.390625 0.025240384615384616 0.03485576923076923 0.04447115384615385
0 0.29447115384615385 0.056490384615384616 0.028846153846153848 0.046875
0 0.2536057692307692 0.08653846153846154 0.030048076923076924 0.05048076923076923
0 0.21875 0.08052884615384616 0.026442307692307692 0.05048076923076923
0 0.21153846153846154 0.1310096153846154 0.025240384615384616 0.05048076923076923
0 0.24519230769230768 0.13942307692307693 0.026442307692307692 0.055288461538461536
0 0.19110576923076922 0.203125 0.03365384615384615 0.07211538461538461
0 0.16826923076923078 0.21514423076923078 0.019230769230769232 0.046875
0 0.07451923076923077 0.23557692307692307 0.02403846153846154 0.055288461538461536
0 0.10216346153846154 0.27163461538461536 0.03485576923076923 0.07211538461538461
0 0.055288461538461536 0.0889423076923077 0.03125 0.06610576923076923