0 0.8629807692307693 0.6334134615384616 0.06610576923076923 0.1502403846153846
0 0.6490384615384616 0.625 0.09975961538461539 0.11057692307692307
0 0.7848557692307693 0.33052884615384615 0.04567307692307692 0.11057692307692307
0 0.7764423076923077 0.27524038461538464 0.030048076923076924 0.03365384615384615
0 0.6574519230769231 0.12860576923076922 0.021634615384615384 0.046875
0 0.640625 0.1310096153846154 0.026442307692307692 0.0829326923076923
0 0.5721153846153846 0.15985576923076922 0.03485576923076923 0.052884615384615384
0 0.5360576923076923 0.09735576923076923 0.025240384615384616 0.055288461538461536
0 0.29447115384615385 0.06129807692307692 0.03125 0.06129807692307692
0 0.25721153846153844 0.08653846153846154 0.021634615384615384 0.06129807692307692
0 0.21394230769230768 0.0889423076923077 0.03485576923076923 0.06610576923076923
0 0.18269230769230768 0.12860576923076922 0.028846153846153848 0.05889423076923077
0 0.2127403846153846 0.1935096153846154 0.037259615384615384 0.08653846153846154
0 0.16826923076923078 0.20552884615384615 0.02403846153846154 0.05048076923076923
0 0.07451923076923077 0.21754807692307693 0.028846153846153848 0.052884615384615384
0 0.09975961538461539 0.28365384615384615 0.036057692307692304 0.07211538461538461