0 0.06490384615384616 0.2860576923076923 0.03125 0.07211538461538461
0 0.08653846153846154 0.2247596153846154 0.03125 0.06610576923076923
0 0.16346153846153846 0.203125 0.019230769230769232 0.05048076923076923
0 0.17067307692307693 0.15504807692307693 0.03485576923076923 0.04447115384615385
0 0.19831730769230768 0.18509615384615385 0.026442307692307692 0.05889423076923077
0 0.20072115384615385 0.09014423076923077 0.02403846153846154 0.05889423076923077
0 0.24639423076923078 0.09615384615384616 0.025240384615384616 0.05889423076923077
0 0.28966346153846156 0.056490384615384616 0.025240384615384616 0.046875
0 0.328125 0.09615384615384616 0.03485576923076923 0.052884615384615384
0 0.5084134615384616 0.08774038461538461 0.039663461538461536 0.06370192307692307
0 0.5564903846153846 0.15504807692307693 0.030048076923076924 0.04447115384615385
0 0.5877403846153846 0.11658653846153846 0.04567307692307692 0.06129807692307692
0 0.6526442307692307 0.1971153846153846 0.03365384615384615 0.055288461538461536