0 0.3269230769230769 0.25 0.05048076923076923 0.0889423076923077
0 0.23317307692307693 0.19471153846153846 0.03125 0.078125
0 0.16346153846153846 0.17307692307692307 0.042067307692307696 0.05889423076923077
0 0.08052884615384616 0.22596153846153846 0.040865384615384616 0.05889423076923077
0 0.04567307692307692 0.296875 0.040865384615384616 0.078125
0 0.21634615384615385 0.08413461538461539 0.02403846153846154 0.06971153846153846
0 0.24278846153846154 0.10096153846153846 0.021634615384615384 0.06370192307692307
0 0.28966346153846156 0.05889423076923077 0.020432692307692308 0.04447115384615385
0 0.546875 0.08052884615384616 0.028846153846153848 0.055288461538461536
0 0.5492788461538461 0.15865384615384615 0.026442307692307692 0.038461538461538464
0 0.5865384615384616 0.1045673076923077 0.021634615384615384 0.052884615384615384
0 0.6225961538461539 0.13701923076923078 0.03365384615384615 0.06370192307692307
0 0.6598557692307693 0.18990384615384615 0.021634615384615384 0.05889423076923077