0 0.5865384615384616 0.6790865384615384 0.12139423076923077 0.15264423076923078
0 0.7668269230769231 0.30408653846153844 0.037259615384615384 0.08653846153846154
0 0.6730769230769231 0.13942307692307693 0.039663461538461536 0.078125
0 0.6117788461538461 0.14182692307692307 0.040865384615384616 0.0889423076923077
0 0.5384615384615384 0.0889423076923077 0.036057692307692304 0.06129807692307692
0 0.46033653846153844 0.038461538461538464 0.030048076923076924 0.06129807692307692
0 0.2980769230769231 0.056490384615384616 0.028846153846153848 0.05889423076923077
0 0.25841346153846156 0.09254807692307693 0.03485576923076923 0.06370192307692307
0 0.21634615384615385 0.09134615384615384 0.036057692307692304 0.06610576923076923
0 0.18509615384615385 0.15264423076923078 0.028846153846153848 0.06129807692307692
0 0.2127403846153846 0.1971153846153846 0.04567307692307692 0.09495192307692307
0 0.1658653846153846 0.20432692307692307 0.02403846153846154 0.05889423076923077
0 0.07451923076923077 0.21634615384615385 0.03125 0.0829326923076923
0 0.0985576923076923 0.2920673076923077 0.030048076923076924 0.055288461538461536
0 0.06490384615384616 0.078125 0.030048076923076924 0.03365384615384615
0 0.5817307692307693 0.14543269230769232 0.015625 0.036057692307692304