0 0.10817307692307693 0.13221153846153846 0.042067307692307696 0.06370192307692307
0 0.0829326923076923 0.234375 0.042067307692307696 0.06370192307692307
0 0.03365384615384615 0.31850961538461536 0.04567307692307692 0.05889423076923077
0 0.234375 0.05889423076923077 0.020432692307692308 0.04447115384615385
0 0.21875 0.018028846153846152 0.025240384615384616 0.030048076923076924
0 0.19591346153846154 0.1778846153846154 0.037259615384615384 0.0889423076923077
0 0.2692307692307692 0.09134615384615384 0.039663461538461536 0.07211538461538461
0 0.3088942307692308 0.04807692307692308 0.021634615384615384 0.052884615384615384
0 0.31490384615384615 0.11778846153846154 0.02403846153846154 0.042067307692307696
0 0.34975961538461536 0.13701923076923078 0.026442307692307692 0.06971153846153846
0 0.5084134615384616 0.052884615384615384 0.03485576923076923 0.06129807692307692
0 0.7283653846153846 0.23317307692307693 0.04567307692307692 0.0829326923076923
0 0.6478365384615384 0.5192307692307693 0.08653846153846154 0.18389423076923078
0 0.7584134615384616 0.6322115384615384 0.0625 0.18629807692307693
0 0.8545673076923077 0.6887019230769231 0.05889423076923077 0.13341346153846154