0 0.8701923076923077 0.6622596153846154 0.054086538461538464 0.11899038461538461
0 0.7307692307692307 0.6442307692307693 0.06490384615384616 0.09495192307692307
0 0.7283653846153846 0.36538461538461536 0.056490384615384616 0.08653846153846154
0 0.48677884615384615 0.055288461538461536 0.039663461538461536 0.06129807692307692
0 0.28125 0.046875 0.03485576923076923 0.05048076923076923
0 0.2536057692307692 0.14302884615384615 0.028846153846153848 0.052884615384615384
0 0.21514423076923078 0.125 0.030048076923076924 0.05048076923076923
0 0.18028846153846154 0.12740384615384615 0.03485576923076923 0.055288461538461536
0 0.203125 0.19591346153846154 0.046875 0.06971153846153846
0 0.04807692307692308 0.3293269230769231 0.039663461538461536 0.042067307692307696
0 0.06490384615384616 0.27524038461538464 0.040865384615384616 0.06610576923076923
0 0.0889423076923077 0.1778846153846154 0.036057692307692304 0.055288461538461536
0 0.15745192307692307 0.10697115384615384 0.02403846153846154 0.052884615384615384