0 0.33774038461538464 0.14543269230769232 0.04567307692307692 0.07451923076923077
0 0.2860576923076923 0.056490384615384616 0.020432692307692308 0.052884615384615384
0 0.24519230769230768 0.09735576923076923 0.02403846153846154 0.06129807692307692
0 0.21033653846153846 0.08774038461538461 0.021634615384615384 0.05889423076923077
0 0.21754807692307693 0.18389423076923078 0.037259615384615384 0.07211538461538461
0 0.16706730769230768 0.15865384615384615 0.03125 0.05048076923076923
0 0.16826923076923078 0.21394230769230768 0.020432692307692308 0.055288461538461536
0 0.09014423076923077 0.22115384615384615 0.03485576923076923 0.06370192307692307
0 0.06850961538461539 0.2776442307692308 0.03365384615384615 0.0829326923076923
0 0.5012019230769231 0.08413461538461539 0.028846153846153848 0.052884615384615384
0 0.5456730769230769 0.16346153846153846 0.03125 0.07211538461538461
0 0.5889423076923077 0.11057692307692307 0.026442307692307692 0.07211538461538461
0 0.6165865384615384 0.13341346153846154 0.040865384615384616 0.06129807692307692
0 0.6610576923076923 0.1935096153846154 0.025240384615384616 0.06370192307692307