0 0.8545673076923077 0.5540865384615384 0.046875 0.09134615384615384
0 0.6069711538461539 0.6802884615384616 0.06610576923076923 0.1502403846153846
0 0.7740384615384616 0.35697115384615385 0.037259615384615384 0.08653846153846154
0 0.8112980769230769 0.2668269230769231 0.03365384615384615 0.06129807692307692
0 0.7247596153846154 0.2283653846153846 0.042067307692307696 0.07211538461538461
0 0.5060096153846154 0.055288461538461536 0.025240384615384616 0.06610576923076923
0 0.32091346153846156 0.12139423076923077 0.016826923076923076 0.06370192307692307
0 0.3004807692307692 0.13221153846153846 0.014423076923076924 0.05889423076923077
0 0.29927884615384615 0.05048076923076923 0.026442307692307692 0.04447115384615385
0 0.33653846153846156 0.020432692307692308 0.036057692307692304 0.036057692307692304
0 0.25961538461538464 0.0829326923076923 0.036057692307692304 0.06129807692307692
0 0.21754807692307693 0.09014423076923077 0.025240384615384616 0.06971153846153846
0 0.2283653846153846 0.19591346153846154 0.037259615384615384 0.07451923076923077
0 0.17548076923076922 0.21153846153846154 0.025240384615384616 0.06610576923076923
0 0.07211538461538461 0.22355769230769232 0.026442307692307692 0.05889423076923077
0 0.054086538461538464 0.27884615384615385 0.039663461538461536 0.09134615384615384
0 0.06129807692307692 0.11778846153846154 0.036057692307692304 0.046875