0 0.96875 0.6526442307692307 0.06129807692307692 0.13341346153846154
0 0.8004807692307693 0.6622596153846154 0.07091346153846154 0.11899038461538461
0 0.6550480769230769 0.5865384615384616 0.046875 0.10576923076923077
0 0.7091346153846154 0.3557692307692308 0.05889423076923077 0.10576923076923077
0 0.5096153846153846 0.055288461538461536 0.04447115384615385 0.07211538461538461
0 0.2800480769230769 0.04567307692307692 0.04927884615384615 0.052884615384615384
0 0.24158653846153846 0.14543269230769232 0.030048076923076924 0.052884615384615384
0 0.21153846153846154 0.12259615384615384 0.028846153846153848 0.06129807692307692
0 0.17908653846153846 0.12740384615384615 0.03365384615384615 0.04447115384615385
0 0.203125 0.19471153846153846 0.04447115384615385 0.0829326923076923
0 0.055288461538461536 0.3545673076923077 0.040865384615384616 0.052884615384615384
0 0.06971153846153846 0.27163461538461536 0.036057692307692304 0.06129807692307692
0 0.11899038461538461 0.15985576923076922 0.036057692307692304 0.06971153846153846
0 0.1778846153846154 0.08774038461538461 0.039663461538461536 0.042067307692307696