0 0.5420673076923077 0.9567307692307693 0.1310096153846154 0.08653846153846154
0 0.5540865384615384 0.15865384615384615 0.025240384615384616 0.06610576923076923
0 0.6213942307692307 0.1310096153846154 0.025240384615384616 0.06610576923076923
0 0.6622596153846154 0.18028846153846154 0.021634615384615384 0.04447115384615385
0 0.5925480769230769 0.10697115384615384 0.026442307692307692 0.07451923076923077
0 0.5324519230769231 0.1310096153846154 0.016826923076923076 0.03365384615384615
0 0.2932692307692308 0.06610576923076923 0.028846153846153848 0.055288461538461536
0 0.24158653846153846 0.09254807692307693 0.020432692307692308 0.046875
0 0.21634615384615385 0.09014423076923077 0.016826923076923076 0.052884615384615384
0 0.18028846153846154 0.14903846153846154 0.03365384615384615 0.06370192307692307
0 0.1658653846153846 0.21394230769230768 0.026442307692307692 0.07211538461538461
0 0.08052884615384616 0.23557692307692307 0.028846153846153848 0.055288461538461536
0 0.04326923076923077 0.2920673076923077 0.03365384615384615 0.06610576923076923
0 0.09014423076923077 0.5096153846153846 0.040865384615384616 0.09134615384615384