0 0.05048076923076923 0.28846153846153844 0.03485576923076923 0.07211538461538461
0 0.08413461538461539 0.22235576923076922 0.020432692307692308 0.06129807692307692
0 0.1658653846153846 0.2127403846153846 0.016826923076923076 0.05889423076923077
0 0.18389423076923078 0.15745192307692307 0.026442307692307692 0.08052884615384616
0 0.20072115384615385 0.0985576923076923 0.021634615384615384 0.06370192307692307
0 0.23076923076923078 0.19471153846153846 0.03125 0.078125
0 0.24639423076923078 0.09735576923076923 0.021634615384615384 0.06129807692307692
0 0.28125 0.05889423076923077 0.010817307692307692 0.05048076923076923
0 0.2980769230769231 0.06610576923076923 0.021634615384615384 0.06129807692307692
0 0.5276442307692307 0.08774038461538461 0.030048076923076924 0.052884615384615384
0 0.5817307692307693 0.12139423076923077 0.03125 0.06370192307692307
0 0.5564903846153846 0.10576923076923077 0.015625 0.06129807692307692
0 0.6574519230769231 0.18990384615384615 0.026442307692307692 0.07451923076923077