0 0.5492788461538461 0.9447115384615384 0.13581730769230768 0.11057692307692307
0 0.1778846153846154 0.3942307692307692 0.06009615384615385 0.12740384615384615
0 0.06009615384615385 0.2932692307692308 0.040865384615384616 0.08052884615384616
0 0.08052884615384616 0.2283653846153846 0.03125 0.06610576923076923
0 0.16466346153846154 0.2091346153846154 0.026442307692307692 0.05889423076923077
0 0.17548076923076922 0.14182692307692307 0.039663461538461536 0.078125
0 0.23557692307692307 0.19110576923076922 0.03485576923076923 0.0889423076923077
0 0.21634615384615385 0.09014423076923077 0.025240384615384616 0.05889423076923077
0 0.2439903846153846 0.09495192307692307 0.03485576923076923 0.055288461538461536
0 0.2860576923076923 0.05889423076923077 0.025240384615384616 0.04447115384615385
0 0.5120192307692307 0.07932692307692307 0.026442307692307692 0.06370192307692307
0 0.5492788461538461 0.15264423076923078 0.02403846153846154 0.07211538461538461
0 0.5841346153846154 0.09975961538461539 0.028846153846153848 0.06610576923076923
0 0.625 0.1346153846153846 0.039663461538461536 0.05889423076923077