0 0.057692307692307696 0.08774038461538461 0.016826923076923076 0.042067307692307696
0 0.0733173076923077 0.2247596153846154 0.030048076923076924 0.06610576923076923
0 0.09495192307692307 0.27884615384615385 0.03365384615384615 0.052884615384615384
0 0.18870192307692307 0.19831730769230768 0.03125 0.06370192307692307
0 0.21033653846153846 0.12860576923076922 0.026442307692307692 0.052884615384615384
0 0.24879807692307693 0.1346153846153846 0.028846153846153848 0.052884615384615384
0 0.21394230769230768 0.07932692307692307 0.03365384615384615 0.052884615384615384
0 0.2548076923076923 0.07932692307692307 0.026442307692307692 0.042067307692307696
0 0.2920673076923077 0.052884615384615384 0.02403846153846154 0.05048076923076923
0 0.39663461538461536 0.021634615384615384 0.030048076923076924 0.038461538461538464
0 0.4951923076923077 0.056490384615384616 0.03125 0.06971153846153846
0 0.6129807692307693 0.12620192307692307 0.036057692307692304 0.06370192307692307
0 0.5973557692307693 0.22115384615384615 0.03365384615384615 0.06370192307692307
0 0.7271634615384616 0.2283653846153846 0.046875 0.07211538461538461
0 0.8870192307692307 0.4495192307692308 0.028846153846153848 0.0829326923076923
0 0.5997596153846154 0.6838942307692307 0.06129807692307692 0.1778846153846154
0 0.16826923076923078 0.20673076923076922 0.020432692307692308 0.042067307692307696