0 0.8413461538461539 0.6862980769230769 0.04567307692307692 0.09495192307692307
0 0.7007211538461539 0.6935096153846154 0.06610576923076923 0.1466346153846154
0 0.7680288461538461 0.4074519230769231 0.05048076923076923 0.09134615384615384
0 0.6875 0.4483173076923077 0.04567307692307692 0.1141826923076923
0 0.7271634615384616 0.23197115384615385 0.04447115384615385 0.06971153846153846
0 0.5096153846153846 0.054086538461538464 0.04447115384615385 0.06971153846153846
0 0.3557692307692308 0.13942307692307693 0.039663461538461536 0.06610576923076923
0 0.31850961538461536 0.1141826923076923 0.028846153846153848 0.055288461538461536
0 0.2668269230769231 0.0829326923076923 0.025240384615384616 0.05048076923076923
0 0.30649038461538464 0.04447115384615385 0.026442307692307692 0.04447115384615385
0 0.24879807692307693 0.019230769230769232 0.025240384615384616 0.03365384615384615
0 0.22235576923076922 0.08052884615384616 0.028846153846153848 0.06129807692307692
0 0.18870192307692307 0.18028846153846154 0.028846153846153848 0.06610576923076923
0 0.07692307692307693 0.12139423076923077 0.021634615384615384 0.036057692307692304
0 0.08173076923076923 0.22596153846153846 0.02403846153846154 0.052884615384615384
0 0.040865384615384616 0.3088942307692308 0.03125 0.055288461538461536