0 0.10216346153846154 0.2800480769230769 0.026442307692307692 0.078125
0 0.07091346153846154 0.23076923076923078 0.025240384615384616 0.06129807692307692
0 0.06971153846153846 0.06490384615384616 0.02403846153846154 0.042067307692307696
0 0.16706730769230768 0.20793269230769232 0.019230769230769232 0.05048076923076923
0 0.19591346153846154 0.15144230769230768 0.030048076923076924 0.030048076923076924
0 0.21394230769230768 0.20192307692307693 0.040865384615384616 0.06971153846153846
0 0.21394230769230768 0.0829326923076923 0.020432692307692308 0.05048076923076923
0 0.25240384615384615 0.0889423076923077 0.019230769230769232 0.05048076923076923
0 0.29927884615384615 0.05889423076923077 0.026442307692307692 0.055288461538461536
0 0.4110576923076923 0.02403846153846154 0.02403846153846154 0.042067307692307696
0 0.5372596153846154 0.08653846153846154 0.030048076923076924 0.038461538461538464
0 0.6045673076923077 0.11658653846153846 0.026442307692307692 0.07211538461538461
0 0.6706730769230769 0.1502403846153846 0.04567307692307692 0.055288461538461536
0 0.78125 0.3112980769230769 0.03365384615384615 0.06610576923076923
0 0.5769230769230769 0.6730769230769231 0.11778846153846154 0.1466346153846154