0 0.1778846153846154 0.19831730769230768 0.025240384615384616 0.046875
0 0.19831730769230768 0.171875 0.042067307692307696 0.078125
0 0.078125 0.11899038461538461 0.03365384615384615 0.06129807692307692
0 0.08413461538461539 0.22596153846153846 0.028846153846153848 0.06971153846153846
0 0.03365384615384615 0.31009615384615385 0.046875 0.05889423076923077
0 0.23557692307692307 0.07451923076923077 0.039663461538461536 0.055288461538461536
0 0.27283653846153844 0.08173076923076923 0.021634615384615384 0.046875
0 0.23798076923076922 0.019230769230769232 0.025240384615384616 0.03365384615384615
0 0.3076923076923077 0.04567307692307692 0.025240384615384616 0.052884615384615384
0 0.31850961538461536 0.11658653846153846 0.03485576923076923 0.06129807692307692
0 0.36177884615384615 0.13701923076923078 0.04567307692307692 0.06370192307692307
0 0.5060096153846154 0.06009615384615385 0.03485576923076923 0.08052884615384616
0 0.7211538461538461 0.23317307692307693 0.037259615384615384 0.0829326923076923
0 0.6706730769230769 0.4411057692307692 0.03365384615384615 0.10576923076923077
0 0.7524038461538461 0.43509615384615385 0.056490384615384616 0.1141826923076923
0 0.7307692307692307 0.703125 0.09134615384615384 0.1778846153846154
0 0.8461538461538461 0.6790865384615384 0.04927884615384615 0.13581730769230768