0 0.06971153846153846 0.1141826923076923 0.026442307692307692 0.04447115384615385
0 0.08052884615384616 0.23076923076923078 0.021634615384615384 0.05048076923076923
0 0.052884615384615384 0.2824519230769231 0.03365384615384615 0.08052884615384616
0 0.18389423076923078 0.20552884615384615 0.014423076923076924 0.04447115384615385
0 0.22115384615384615 0.19951923076923078 0.025240384615384616 0.06610576923076923
0 0.21033653846153846 0.0889423076923077 0.026442307692307692 0.04447115384615385
0 0.2644230769230769 0.07932692307692307 0.028846153846153848 0.046875
0 0.2920673076923077 0.016826923076923076 0.036057692307692304 0.027644230769230768
0 0.3004807692307692 0.055288461538461536 0.02403846153846154 0.038461538461538464
0 0.31971153846153844 0.11658653846153846 0.026442307692307692 0.055288461538461536
0 0.34975961538461536 0.14302884615384615 0.030048076923076924 0.06370192307692307
0 0.5072115384615384 0.051682692307692304 0.030048076923076924 0.052884615384615384
0 0.6322115384615384 0.6550480769230769 0.055288461538461536 0.15504807692307693
0 0.8425480769230769 0.6262019230769231 0.037259615384615384 0.1141826923076923
0 0.7728365384615384 0.39663461538461536 0.03125 0.0889423076923077
0 0.8221153846153846 0.31850961538461536 0.036057692307692304 0.07451923076923077
0 0.7259615384615384 0.2247596153846154 0.040865384615384616 0.078125