0 0.8497596153846154 0.38100961538461536 0.028846153846153848 0.0889423076923077
0 0.5697115384615384 0.7151442307692307 0.06009615384615385 0.1310096153846154
0 0.7331730769230769 0.20673076923076922 0.05048076923076923 0.08052884615384616
0 0.6033653846153846 0.17307692307692307 0.02403846153846154 0.052884615384615384
0 0.5504807692307693 0.1045673076923077 0.019230769230769232 0.052884615384615384
0 0.5192307692307693 0.07692307692307693 0.028846153846153848 0.052884615384615384
0 0.39302884615384615 0.021634615384615384 0.03365384615384615 0.038461538461538464
0 0.30649038461538464 0.06129807692307692 0.03125 0.055288461538461536
0 0.25240384615384615 0.08413461538461539 0.028846153846153848 0.05889423076923077
0 0.21394230769230768 0.08173076923076923 0.02403846153846154 0.052884615384615384
0 0.21995192307692307 0.1346153846153846 0.036057692307692304 0.052884615384615384
0 0.18389423076923078 0.13341346153846154 0.030048076923076924 0.06610576923076923
0 0.19831730769230768 0.20192307692307693 0.03485576923076923 0.06370192307692307
0 0.171875 0.21394230769230768 0.03125 0.07211538461538461
0 0.1045673076923077 0.2800480769230769 0.042067307692307696 0.078125
0 0.0733173076923077 0.234375 0.030048076923076924 0.06971153846153846
0 0.06370192307692307 0.08052884615384616 0.026442307692307692 0.04447115384615385