0 0.037259615384615384 0.3016826923076923 0.03365384615384615 0.052884615384615384
0 0.06490384615384616 0.27163461538461536 0.03365384615384615 0.06129807692307692
0 0.07211538461538461 0.17908653846153846 0.03125 0.046875
0 0.12620192307692307 0.12379807692307693 0.025240384615384616 0.052884615384615384
0 0.203125 0.19110576923076922 0.039663461538461536 0.07211538461538461
0 0.2608173076923077 0.1310096153846154 0.020432692307692308 0.038461538461538464
0 0.22355769230769232 0.12620192307692307 0.021634615384615384 0.046875
0 0.18870192307692307 0.12620192307692307 0.021634615384615384 0.052884615384615384
0 0.17548076923076922 0.11538461538461539 0.021634615384615384 0.042067307692307696
0 0.30288461538461536 0.042067307692307696 0.03485576923076923 0.055288461538461536
0 0.44711538461538464 0.040865384615384616 0.026442307692307692 0.042067307692307696
0 0.7259615384615384 0.41586538461538464 0.04447115384615385 0.10336538461538461
0 0.8052884615384616 0.7247596153846154 0.04567307692307692 0.11658653846153846
0 0.953125 0.7127403846153846 0.05048076923076923 0.1141826923076923