0 0.953125 0.5793269230769231 0.04927884615384615 0.10817307692307693
0 0.8942307692307693 0.7079326923076923 0.0625 0.16105769230769232
0 0.6346153846153846 0.49759615384615385 0.09495192307692307 0.10576923076923077
0 0.7007211538461539 0.19110576923076922 0.03365384615384615 0.06129807692307692
0 0.6105769230769231 0.11298076923076923 0.037259615384615384 0.06370192307692307
0 0.5673076923076923 0.16346153846153846 0.036057692307692304 0.06610576923076923
0 0.5360576923076923 0.08774038461538461 0.03125 0.06370192307692307
0 0.29086538461538464 0.06490384615384616 0.030048076923076924 0.05889423076923077
0 0.25841346153846156 0.08653846153846154 0.03365384615384615 0.055288461538461536
0 0.21875 0.0889423076923077 0.025240384615384616 0.055288461538461536
0 0.18509615384615385 0.13942307692307693 0.026442307692307692 0.06610576923076923
0 0.16826923076923078 0.20673076923076922 0.020432692307692308 0.052884615384615384
0 0.2091346153846154 0.18870192307692307 0.036057692307692304 0.078125
0 0.07572115384615384 0.21634615384615385 0.025240384615384616 0.06129807692307692
0 0.08653846153846154 0.27884615384615385 0.040865384615384616 0.05889423076923077