0 0.5769230769230769 0.9495192307692307 0.10697115384615384 0.09975961538461539
0 0.23677884615384615 0.35697115384615385 0.04447115384615385 0.1141826923076923
0 0.23076923076923078 0.19471153846153846 0.03485576923076923 0.06610576923076923
0 0.1658653846153846 0.16706730769230768 0.03485576923076923 0.06129807692307692
0 0.16346153846153846 0.21394230769230768 0.020432692307692308 0.04447115384615385
0 0.07451923076923077 0.2283653846153846 0.036057692307692304 0.05048076923076923
0 0.04927884615384615 0.2932692307692308 0.03365384615384615 0.06370192307692307
0 0.2127403846153846 0.0889423076923077 0.026442307692307692 0.06610576923076923
0 0.2439903846153846 0.09495192307692307 0.021634615384615384 0.055288461538461536
0 0.28725961538461536 0.05889423076923077 0.025240384615384616 0.04447115384615385
0 0.5324519230769231 0.0829326923076923 0.03365384615384615 0.055288461538461536
0 0.546875 0.15985576923076922 0.03125 0.052884615384615384
0 0.5925480769230769 0.0985576923076923 0.030048076923076924 0.05889423076923077
0 0.625 0.12860576923076922 0.040865384615384616 0.06370192307692307
0 0.6610576923076923 0.18509615384615385 0.019230769230769232 0.06370192307692307