0 0.8377403846153846 0.37740384615384615 0.03125 0.0889423076923077
0 0.5793269230769231 0.703125 0.0673076923076923 0.1502403846153846
0 0.7163461538461539 0.19951923076923078 0.036057692307692304 0.078125
0 0.5997596153846154 0.17067307692307693 0.025240384615384616 0.06370192307692307
0 0.5552884615384616 0.0985576923076923 0.021634615384615384 0.046875
0 0.53125 0.07451923076923077 0.030048076923076924 0.06610576923076923
0 0.39783653846153844 0.021634615384615384 0.03125 0.038461538461538464
0 0.2980769230769231 0.06129807692307692 0.025240384615384616 0.055288461538461536
0 0.2548076923076923 0.08173076923076923 0.02403846153846154 0.052884615384615384
0 0.21394230769230768 0.0829326923076923 0.019230769230769232 0.055288461538461536
0 0.2127403846153846 0.13581730769230768 0.03125 0.05048076923076923
0 0.1814903846153846 0.13341346153846154 0.025240384615384616 0.06129807692307692
0 0.17067307692307693 0.21153846153846154 0.021634615384615384 0.05048076923076923
0 0.203125 0.203125 0.039663461538461536 0.0829326923076923
0 0.09975961538461539 0.27163461538461536 0.030048076923076924 0.07211538461538461
0 0.07091346153846154 0.22956730769230768 0.028846153846153848 0.046875
0 0.06610576923076923 0.078125 0.025240384615384616 0.038461538461538464