0 0.04927884615384615 0.28725961538461536 0.03365384615384615 0.06370192307692307
0 0.078125 0.23317307692307693 0.02403846153846154 0.055288461538461536
0 0.09975961538461539 0.8016826923076923 0.051682692307692304 0.07451923076923077
0 0.16826923076923078 0.21634615384615385 0.026442307692307692 0.0829326923076923
0 0.17067307692307693 0.15264423076923078 0.030048076923076924 0.05048076923076923
0 0.21514423076923078 0.09014423076923077 0.020432692307692308 0.052884615384615384
0 0.24639423076923078 0.09254807692307693 0.016826923076923076 0.052884615384615384
0 0.2920673076923077 0.056490384615384616 0.021634615384615384 0.046875
0 0.5264423076923077 0.08653846153846154 0.03125 0.05048076923076923
0 0.5528846153846154 0.15745192307692307 0.030048076923076924 0.05889423076923077
0 0.5961538461538461 0.1141826923076923 0.03125 0.055288461538461536
0 0.6610576923076923 0.16346153846153846 0.04447115384615385 0.07211538461538461
0 0.53125 0.9423076923076923 0.1346153846153846 0.11538461538461539
0 0.6370192307692307 0.23317307692307693 0.02403846153846154 0.05048076923076923