0 0.12860576923076922 0.4026442307692308 0.04927884615384615 0.0889423076923077
0 0.040865384615384616 0.28365384615384615 0.03125 0.05048076923076923
0 0.06971153846153846 0.22235576923076922 0.02403846153846154 0.04447115384615385
0 0.16346153846153846 0.16346153846153846 0.028846153846153848 0.055288461538461536
0 0.20673076923076922 0.19591346153846154 0.03125 0.06971153846153846
0 0.21394230769230768 0.08653846153846154 0.021634615384615384 0.055288461538461536
0 0.2439903846153846 0.09495192307692307 0.016826923076923076 0.05048076923076923
0 0.29447115384615385 0.06129807692307692 0.02403846153846154 0.05048076923076923
0 0.5168269230769231 0.08774038461538461 0.026442307692307692 0.052884615384615384
0 0.5564903846153846 0.15985576923076922 0.028846153846153848 0.052884615384615384
0 0.6009615384615384 0.10697115384615384 0.03485576923076923 0.042067307692307696
0 0.6778846153846154 0.20552884615384615 0.026442307692307692 0.07211538461538461
0 0.7079326923076923 0.2608173076923077 0.046875 0.0829326923076923
0 0.5432692307692307 0.9375 0.12740384615384615 0.125
0 0.16346153846153846 0.2127403846153846 0.014423076923076924 0.036057692307692304