0 0.84375 0.5733173076923077 0.04447115384615385 0.10336538461538461
0 0.6129807692307693 0.6706730769230769 0.056490384615384616 0.15865384615384615
0 0.7836538461538461 0.38100961538461536 0.039663461538461536 0.0889423076923077
0 0.8209134615384616 0.3016826923076923 0.04567307692307692 0.06971153846153846
0 0.7211538461538461 0.23197115384615385 0.051682692307692304 0.09134615384615384
0 0.5108173076923077 0.0625 0.042067307692307696 0.07451923076923077
0 0.31971153846153844 0.019230769230769232 0.03485576923076923 0.03365384615384615
0 0.29927884615384615 0.04807692307692308 0.028846153846153848 0.046875
0 0.33774038461538464 0.140625 0.02403846153846154 0.06971153846153846
0 0.26322115384615385 0.08774038461538461 0.019230769230769232 0.05889423076923077
0 0.21394230769230768 0.09134615384615384 0.025240384615384616 0.05048076923076923
0 0.22596153846153846 0.18990384615384615 0.03125 0.06370192307692307
0 0.1778846153846154 0.20673076923076922 0.028846153846153848 0.052884615384615384
0 0.07572115384615384 0.2247596153846154 0.021634615384615384 0.055288461538461536
0 0.054086538461538464 0.28365384615384615 0.028846153846153848 0.07211538461538461
0 0.05889423076923077 0.1141826923076923 0.03125 0.038461538461538464
0 0.3173076923076923 0.1045673076923077 0.019230769230769232 0.036057692307692304