0 0.5540865384615384 0.9495192307692307 0.11057692307692307 0.09975961538461539
0 0.6430288461538461 0.13341346153846154 0.04567307692307692 0.06610576923076923
0 0.5901442307692307 0.09975961538461539 0.03125 0.05048076923076923
0 0.5528846153846154 0.16105769230769232 0.030048076923076924 0.078125
0 0.5420673076923077 0.11778846153846154 0.036057692307692304 0.042067307692307696
0 0.28966346153846156 0.06129807692307692 0.028846153846153848 0.04447115384615385
0 0.24278846153846154 0.09134615384615384 0.021634615384615384 0.04447115384615385
0 0.21514423076923078 0.08653846153846154 0.020432692307692308 0.06129807692307692
0 0.18990384615384615 0.14543269230769232 0.026442307692307692 0.06971153846153846
0 0.17548076923076922 0.20192307692307693 0.030048076923076924 0.06370192307692307
0 0.08173076923076923 0.23197115384615385 0.02403846153846154 0.05889423076923077
0 0.06009615384615385 0.28725961538461536 0.03485576923076923 0.06370192307692307
0 0.11538461538461539 0.4074519230769231 0.036057692307692304 0.09134615384615384