0 0.16826923076923078 0.22235576923076922 0.021634615384615384 0.055288461538461536
0 0.17067307692307693 0.15504807692307693 0.036057692307692304 0.06129807692307692
0 0.08774038461538461 0.2283653846153846 0.028846153846153848 0.06129807692307692
0 0.07211538461538461 0.27884615384615385 0.028846153846153848 0.07451923076923077
0 0.22596153846153846 0.1814903846153846 0.03485576923076923 0.06971153846153846
0 0.21394230769230768 0.0889423076923077 0.026442307692307692 0.06129807692307692
0 0.2439903846153846 0.0985576923076923 0.021634615384615384 0.046875
0 0.28725961538461536 0.06129807692307692 0.026442307692307692 0.055288461538461536
0 0.35096153846153844 0.15865384615384615 0.04567307692307692 0.078125
0 0.5060096153846154 0.08052884615384616 0.036057692307692304 0.055288461538461536
0 0.5456730769230769 0.1466346153846154 0.028846153846153848 0.06129807692307692
0 0.5913461538461539 0.1045673076923077 0.037259615384615384 0.06370192307692307
0 0.6622596153846154 0.18629807692307693 0.025240384615384616 0.06129807692307692
0 0.6189903846153846 0.13701923076923078 0.039663461538461536 0.06971153846153846