0 0.054086538461538464 0.09014423076923077 0.030048076923076924 0.052884615384615384
0 0.0673076923076923 0.2247596153846154 0.036057692307692304 0.07211538461538461
0 0.08774038461538461 0.2920673076923077 0.026442307692307692 0.078125
0 0.17067307692307693 0.2127403846153846 0.014423076923076924 0.052884615384615384
0 0.203125 0.19471153846153846 0.03365384615384615 0.078125
0 0.21634615384615385 0.12740384615384615 0.028846153846153848 0.06610576923076923
0 0.21875 0.07451923076923077 0.026442307692307692 0.05048076923076923
0 0.25600961538461536 0.07932692307692307 0.021634615384615384 0.042067307692307696
0 0.2608173076923077 0.11899038461538461 0.03365384615384615 0.05048076923076923
0 0.2980769230769231 0.046875 0.028846153846153848 0.04447115384615385
0 0.3894230769230769 0.020432692307692308 0.028846153846153848 0.036057692307692304
0 0.4951923076923077 0.054086538461538464 0.028846153846153848 0.05889423076923077
0 0.6334134615384616 0.15264423076923078 0.030048076923076924 0.06129807692307692
0 0.7259615384615384 0.22235576923076922 0.03365384615384615 0.078125
0 0.6358173076923077 0.2439903846153846 0.03125 0.055288461538461536
0 0.8834134615384616 0.4519230769230769 0.03485576923076923 0.08052884615384616
0 0.6021634615384616 0.6814903846153846 0.0625 0.15865384615384615