0 0.6574519230769231 0.18389423076923078 0.025240384615384616 0.06129807692307692
0 0.6189903846153846 0.13701923076923078 0.039663461538461536 0.05889423076923077
0 0.5901442307692307 0.10697115384615384 0.03485576923076923 0.046875
0 0.5552884615384616 0.1622596153846154 0.037259615384615384 0.052884615384615384
0 0.5336538461538461 0.078125 0.025240384615384616 0.055288461538461536
0 0.33533653846153844 0.20552884615384615 0.039663461538461536 0.0829326923076923
0 0.29086538461538464 0.06009615384615385 0.03365384615384615 0.046875
0 0.24759615384615385 0.09975961538461539 0.025240384615384616 0.06610576923076923
0 0.21634615384615385 0.0889423076923077 0.026442307692307692 0.06129807692307692
0 0.23798076923076922 0.1875 0.04927884615384615 0.08052884615384616
0 0.1622596153846154 0.171875 0.03365384615384615 0.06610576923076923
0 0.08774038461538461 0.23197115384615385 0.03365384615384615 0.06370192307692307
0 0.0673076923076923 0.2860576923076923 0.03125 0.06610576923076923