0 0.9266826923076923 0.6730769230769231 0.042067307692307696 0.10336538461538461
0 0.7860576923076923 0.6899038461538461 0.051682692307692304 0.10336538461538461
0 0.7283653846153846 0.4014423076923077 0.051682692307692304 0.1141826923076923
0 0.46634615384615385 0.04326923076923077 0.025240384615384616 0.046875
0 0.2980769230769231 0.04567307692307692 0.028846153846153848 0.046875
0 0.25841346153846156 0.140625 0.026442307692307692 0.046875
0 0.22596153846153846 0.12379807692307693 0.020432692307692308 0.046875
0 0.19110576923076922 0.12379807692307693 0.019230769230769232 0.042067307692307696
0 0.20552884615384615 0.19591346153846154 0.037259615384615384 0.07451923076923077
0 0.17067307692307693 0.12139423076923077 0.016826923076923076 0.042067307692307696
0 0.13221153846153846 0.11658653846153846 0.025240384615384616 0.05048076923076923
0 0.04326923076923077 0.30528846153846156 0.036057692307692304 0.055288461538461536
0 0.06370192307692307 0.27524038461538464 0.03365384615384615 0.055288461538461536
0 0.07211538461538461 0.1814903846153846 0.03125 0.046875