0 0.53125 0.9387019230769231 0.12620192307692307 0.12259615384615384
0 0.7247596153846154 0.2091346153846154 0.04927884615384615 0.05889423076923077
0 0.6634615384615384 0.19591346153846154 0.03125 0.052884615384615384
0 0.6021634615384616 0.11298076923076923 0.030048076923076924 0.042067307692307696
0 0.5540865384615384 0.15985576923076922 0.03365384615384615 0.052884615384615384
0 0.5420673076923077 0.0889423076923077 0.030048076923076924 0.05048076923076923
0 0.28966346153846156 0.055288461538461536 0.02403846153846154 0.055288461538461536
0 0.2439903846153846 0.09014423076923077 0.025240384615384616 0.046875
0 0.21394230769230768 0.08774038461538461 0.021634615384615384 0.052884615384615384
0 0.1875 0.1346153846153846 0.030048076923076924 0.06370192307692307
0 0.16947115384615385 0.21394230769230768 0.03365384615384615 0.06610576923076923
0 0.078125 0.22355769230769232 0.02403846153846154 0.05889423076923077
0 0.03245192307692308 0.30288461538461536 0.026442307692307692 0.06610576923076923
0 0.0829326923076923 0.4519230769230769 0.055288461538461536 0.08052884615384616