0 0.6574519230769231 0.19110576923076922 0.036057692307692304 0.06129807692307692
0 0.609375 0.125 0.036057692307692304 0.05048076923076923
0 0.5853365384615384 0.0985576923076923 0.025240384615384616 0.042067307692307696
0 0.5552884615384616 0.15144230769230768 0.025240384615384616 0.052884615384615384
0 0.5036057692307693 0.09014423076923077 0.037259615384615384 0.052884615384615384
0 0.33533653846153844 0.11778846153846154 0.039663461538461536 0.05889423076923077
0 0.28966346153846156 0.056490384615384616 0.02403846153846154 0.052884615384615384
0 0.2439903846153846 0.09495192307692307 0.02403846153846154 0.05048076923076923
0 0.203125 0.09615384615384616 0.026442307692307692 0.06971153846153846
0 0.16826923076923078 0.16947115384615385 0.028846153846153848 0.06129807692307692
0 0.20552884615384615 0.18629807692307693 0.039663461538461536 0.06610576923076923
0 0.17067307692307693 0.2127403846153846 0.019230769230769232 0.042067307692307696
0 0.0889423076923077 0.21634615384615385 0.03365384615384615 0.05048076923076923
0 0.06129807692307692 0.27163461538461536 0.030048076923076924 0.06610576923076923