0 0.7896634615384616 0.31850961538461536 0.03365384615384615 0.07451923076923077
0 0.6826923076923077 0.15745192307692307 0.03125 0.05889423076923077
0 0.5336538461538461 0.08173076923076923 0.020432692307692308 0.036057692307692304
0 0.5949519230769231 0.12259615384615384 0.03365384615384615 0.06610576923076923
0 0.5793269230769231 0.671875 0.11658653846153846 0.13942307692307693
0 0.40865384615384615 0.026442307692307692 0.025240384615384616 0.046875
0 0.3016826923076923 0.06009615384615385 0.028846153846153848 0.06370192307692307
0 0.2548076923076923 0.08774038461538461 0.026442307692307692 0.042067307692307696
0 0.21394230769230768 0.09014423076923077 0.025240384615384616 0.046875
0 0.19831730769230768 0.13942307692307693 0.028846153846153848 0.038461538461538464
0 0.2091346153846154 0.1935096153846154 0.03365384615384615 0.08653846153846154
0 0.16947115384615385 0.20793269230769232 0.02403846153846154 0.06610576923076923
0 0.06971153846153846 0.06610576923076923 0.028846153846153848 0.05048076923076923
0 0.07091346153846154 0.23076923076923078 0.025240384615384616 0.078125
0 0.10336538461538461 0.2800480769230769 0.03365384615384615 0.0829326923076923