0 0.890625 0.4387019230769231 0.028846153846153848 0.09975961538461539
0 0.5901442307692307 0.6983173076923077 0.056490384615384616 0.15865384615384615
0 0.734375 0.22596153846153846 0.04567307692307692 0.08052884615384616
0 0.5997596153846154 0.20673076923076922 0.030048076923076924 0.08052884615384616
0 0.5625 0.10336538461538461 0.030048076923076924 0.06129807692307692
0 0.4987980769230769 0.06370192307692307 0.036057692307692304 0.06129807692307692
0 0.38822115384615385 0.020432692307692308 0.028846153846153848 0.036057692307692304
0 0.296875 0.05889423076923077 0.03125 0.07211538461538461
0 0.2548076923076923 0.08413461538461539 0.030048076923076924 0.042067307692307696
0 0.2512019230769231 0.14302884615384615 0.036057692307692304 0.052884615384615384
0 0.22115384615384615 0.1310096153846154 0.026442307692307692 0.06610576923076923
0 0.21875 0.08173076923076923 0.025240384615384616 0.036057692307692304
0 0.16947115384615385 0.21153846153846154 0.010817307692307692 0.05048076923076923
0 0.1875 0.20192307692307693 0.03125 0.08052884615384616
0 0.07932692307692307 0.23317307692307693 0.025240384615384616 0.06610576923076923
0 0.05889423076923077 0.0829326923076923 0.020432692307692308 0.03365384615384615
0 0.10216346153846154 0.2764423076923077 0.028846153846153848 0.05889423076923077