0 0.07211538461538461 0.22235576923076922 0.028846153846153848 0.06129807692307692
0 0.1045673076923077 0.2800480769230769 0.040865384615384616 0.078125
0 0.1658653846153846 0.21153846153846154 0.028846153846153848 0.055288461538461536
0 0.2127403846153846 0.19110576923076922 0.030048076923076924 0.0829326923076923
0 0.1875 0.1310096153846154 0.03125 0.06129807692307692
0 0.21394230769230768 0.09134615384615384 0.028846153846153848 0.07211538461538461
0 0.25721153846153844 0.0889423076923077 0.025240384615384616 0.06129807692307692
0 0.29447115384615385 0.06490384615384616 0.03125 0.07451923076923077
0 0.5360576923076923 0.09975961538461539 0.036057692307692304 0.055288461538461536
0 0.5769230769230769 0.16826923076923078 0.03125 0.052884615384615384
0 0.625 0.11057692307692307 0.030048076923076924 0.06610576923076923
0 0.6514423076923077 0.11899038461538461 0.021634615384615384 0.055288461538461536
0 0.7740384615384616 0.3004807692307692 0.039663461538461536 0.09495192307692307
0 0.6322115384615384 0.6430288461538461 0.10096153846153846 0.1310096153846154
0 0.8701923076923077 0.6430288461538461 0.054086538461538464 0.13581730769230768
0 0.7944711538461539 0.30288461538461536 0.019230769230769232 0.06610576923076923