0 0.875 0.8365384615384616 0.06129807692307692 0.13341346153846154
0 0.7884615384615384 0.640625 0.06610576923076923 0.1466346153846154
0 0.6153846153846154 0.5372596153846154 0.040865384615384616 0.09134615384615384
0 0.5769230769230769 0.6009615384615384 0.07091346153846154 0.11899038461538461
0 0.5108173076923077 0.056490384615384616 0.039663461538461536 0.05889423076923077
0 0.7211538461538461 0.27884615384615385 0.051682692307692304 0.07451923076923077
0 0.25961538461538464 0.06009615384615385 0.036057692307692304 0.052884615384615384
0 0.21394230769230768 0.12620192307692307 0.036057692307692304 0.052884615384615384
0 0.21634615384615385 0.09014423076923077 0.03125 0.046875
0 0.17548076923076922 0.12139423076923077 0.02403846153846154 0.05889423076923077
0 0.1502403846153846 0.1346153846153846 0.02403846153846154 0.052884615384615384
0 0.20552884615384615 0.19591346153846154 0.04567307692307692 0.08653846153846154
0 0.07211538461538461 0.234375 0.026442307692307692 0.05889423076923077
0 0.04447115384615385 0.31490384615384615 0.040865384615384616 0.06370192307692307