0 0.59375 0.6682692307692307 0.11538461538461539 0.1466346153846154
0 0.9675480769230769 0.6730769230769231 0.04567307692307692 0.125
0 0.7752403846153846 0.3112980769230769 0.042067307692307696 0.0889423076923077
0 0.6983173076923077 0.18629807692307693 0.040865384615384616 0.0829326923076923
0 0.6598557692307693 0.12620192307692307 0.036057692307692304 0.06370192307692307
0 0.5877403846153846 0.17067307692307693 0.026442307692307692 0.06971153846153846
0 0.5276442307692307 0.06129807692307692 0.030048076923076924 0.07211538461538461
0 0.2980769230769231 0.06490384615384616 0.028846153846153848 0.052884615384615384
0 0.25841346153846156 0.08413461538461539 0.02403846153846154 0.052884615384615384
0 0.21514423076923078 0.09254807692307693 0.030048076923076924 0.052884615384615384
0 0.18509615384615385 0.18028846153846154 0.026442307692307692 0.06610576923076923
0 0.21514423076923078 0.19471153846153846 0.042067307692307696 0.0889423076923077
0 0.16826923076923078 0.2127403846153846 0.020432692307692308 0.05889423076923077
0 0.07451923076923077 0.21634615384615385 0.025240384615384616 0.06610576923076923
0 0.09975961538461539 0.2860576923076923 0.03125 0.06610576923076923