0 0.8725961538461539 0.7439903846153846 0.04927884615384615 0.12259615384615384
0 0.7560096153846154 0.6105769230769231 0.0625 0.13942307692307693
0 0.6346153846153846 0.5625 0.051682692307692304 0.11899038461538461
0 0.6045673076923077 0.5204326923076923 0.03365384615384615 0.09134615384615384
0 0.7524038461538461 0.2536057692307692 0.046875 0.09134615384615384
0 0.5144230769230769 0.055288461538461536 0.051682692307692304 0.078125
0 0.2860576923076923 0.056490384615384616 0.026442307692307692 0.052884615384615384
0 0.24759615384615385 0.06129807692307692 0.028846153846153848 0.06610576923076923
0 0.25961538461538464 0.11899038461538461 0.02403846153846154 0.06129807692307692
0 0.234375 0.12379807692307693 0.026442307692307692 0.06370192307692307
0 0.19831730769230768 0.1971153846153846 0.036057692307692304 0.078125
0 0.12740384615384615 0.12740384615384615 0.03125 0.05048076923076923
0 0.07451923076923077 0.22956730769230768 0.037259615384615384 0.06370192307692307
0 0.03125 0.31971153846153844 0.030048076923076924 0.06129807692307692