0 0.6610576923076923 0.18870192307692307 0.028846153846153848 0.05048076923076923
0 0.6177884615384616 0.140625 0.03485576923076923 0.06971153846153846
0 0.5889423076923077 0.0985576923076923 0.030048076923076924 0.06971153846153846
0 0.5516826923076923 0.16346153846153846 0.025240384615384616 0.055288461538461536
0 0.5492788461538461 0.09254807692307693 0.03485576923076923 0.06971153846153846
0 0.2860576923076923 0.06610576923076923 0.028846153846153848 0.055288461538461536
0 0.2439903846153846 0.09495192307692307 0.020432692307692308 0.05048076923076923
0 0.27524038461538464 0.27884615384615385 0.04567307692307692 0.09735576923076923
0 0.23197115384615385 0.19471153846153846 0.037259615384615384 0.07211538461538461
0 0.1658653846153846 0.16826923076923078 0.03485576923076923 0.06370192307692307
0 0.21394230769230768 0.09134615384615384 0.020432692307692308 0.07211538461538461
0 0.07451923076923077 0.2247596153846154 0.036057692307692304 0.055288461538461536
0 0.04326923076923077 0.3004807692307692 0.036057692307692304 0.06610576923076923
0 0.5721153846153846 0.9639423076923077 0.10576923076923077 0.07211538461538461