0 0.8497596153846154 0.6766826923076923 0.037259615384615384 0.10336538461538461
0 0.7632211538461539 0.6995192307692307 0.046875 0.1502403846153846
0 0.7235576923076923 0.46153846153846156 0.04927884615384615 0.078125
0 0.65625 0.46153846153846156 0.04447115384615385 0.10576923076923077
0 0.7223557692307693 0.22956730769230768 0.040865384615384616 0.08052884615384616
0 0.5120192307692307 0.05889423076923077 0.056490384615384616 0.06129807692307692
0 0.359375 0.13942307692307693 0.03365384615384615 0.07211538461538461
0 0.3245192307692308 0.11778846153846154 0.039663461538461536 0.06971153846153846
0 0.30528846153846156 0.04567307692307692 0.036057692307692304 0.05889423076923077
0 0.2692307692307692 0.08173076923076923 0.03125 0.06370192307692307
0 0.23557692307692307 0.020432692307692308 0.036057692307692304 0.036057692307692304
0 0.23798076923076922 0.07932692307692307 0.036057692307692304 0.06971153846153846
0 0.19471153846153846 0.17668269230769232 0.051682692307692304 0.08653846153846154
0 0.08052884615384616 0.23076923076923078 0.037259615384615384 0.055288461538461536
0 0.036057692307692304 0.32091346153846156 0.04927884615384615 0.06370192307692307
0 0.08774038461538461 0.12379807692307693 0.039663461538461536 0.06971153846153846