0 0.8509615384615384 0.41346153846153844 0.036057692307692304 0.06610576923076923
0 0.7524038461538461 0.21995192307692307 0.03485576923076923 0.06610576923076923
0 0.609375 0.17908653846153846 0.036057692307692304 0.06971153846153846
0 0.546875 0.09254807692307693 0.03485576923076923 0.06971153846153846
0 0.5012019230769231 0.07451923076923077 0.03365384615384615 0.06129807692307692
0 0.5721153846153846 0.7115384615384616 0.0625 0.16105769230769232
0 0.40024038461538464 0.02403846153846154 0.028846153846153848 0.042067307692307696
0 0.29447115384615385 0.055288461538461536 0.025240384615384616 0.04447115384615385
0 0.24879807692307693 0.08413461538461539 0.028846153846153848 0.046875
0 0.21875 0.0829326923076923 0.028846153846153848 0.055288461538461536
0 0.22716346153846154 0.13942307692307693 0.03125 0.05048076923076923
0 0.18990384615384615 0.12620192307692307 0.03365384615384615 0.05889423076923077
0 0.20072115384615385 0.20673076923076922 0.028846153846153848 0.05889423076923077
0 0.17067307692307693 0.2127403846153846 0.021634615384615384 0.05889423076923077
0 0.10576923076923077 0.2776442307692308 0.028846153846153848 0.07211538461538461
0 0.07692307692307693 0.23918269230769232 0.025240384615384616 0.06129807692307692
0 0.06370192307692307 0.08413461538461539 0.020432692307692308 0.042067307692307696