0 0.1201923076923077 0.40024038461538464 0.046875 0.0889423076923077
0 0.039663461538461536 0.2920673076923077 0.039663461538461536 0.0829326923076923
0 0.06971153846153846 0.22235576923076922 0.025240384615384616 0.055288461538461536
0 0.16346153846153846 0.21153846153846154 0.016826923076923076 0.03365384615384615
0 0.16826923076923078 0.15865384615384615 0.036057692307692304 0.04447115384615385
0 0.21033653846153846 0.19591346153846154 0.04567307692307692 0.06971153846153846
0 0.2127403846153846 0.08653846153846154 0.021634615384615384 0.06129807692307692
0 0.24158653846153846 0.09254807692307693 0.02403846153846154 0.052884615384615384
0 0.29086538461538464 0.06009615384615385 0.020432692307692308 0.042067307692307696
0 0.5180288461538461 0.07932692307692307 0.020432692307692308 0.046875
0 0.5564903846153846 0.15985576923076922 0.026442307692307692 0.046875
0 0.5997596153846154 0.11538461538461539 0.028846153846153848 0.05889423076923077
0 0.6766826923076923 0.2091346153846154 0.028846153846153848 0.046875
0 0.7103365384615384 0.25240384615384615 0.046875 0.078125
0 0.5444711538461539 0.9399038461538461 0.13581730769230768 0.11899038461538461