0 0.9074519230769231 0.6634615384615384 0.06129807692307692 0.16105769230769232
0 0.5661057692307693 0.6814903846153846 0.09735576923076923 0.125
0 0.75 0.25600961538461536 0.03365384615384615 0.0889423076923077
0 0.7896634615384616 0.30408653846153844 0.037259615384615384 0.08052884615384616
0 0.6466346153846154 0.11778846153846154 0.03485576923076923 0.06370192307692307
0 0.5925480769230769 0.0985576923076923 0.03125 0.06971153846153846
0 0.5372596153846154 0.10336538461538461 0.03365384615384615 0.06610576923076923
0 0.3016826923076923 0.07692307692307693 0.03125 0.052884615384615384
0 0.25600961538461536 0.08774038461538461 0.03485576923076923 0.052884615384615384
0 0.21634615384615385 0.09014423076923077 0.03365384615384615 0.052884615384615384
0 0.1875 0.13341346153846154 0.030048076923076924 0.06129807692307692
0 0.21394230769230768 0.1971153846153846 0.03365384615384615 0.0829326923076923
0 0.16826923076923078 0.21153846153846154 0.028846153846153848 0.055288461538461536
0 0.07692307692307693 0.21754807692307693 0.03365384615384615 0.06370192307692307
0 0.1045673076923077 0.28725961538461536 0.046875 0.08052884615384616