0 0.8569711538461539 0.7355769230769231 0.056490384615384616 0.12740384615384615
0 0.7680288461538461 0.6141826923076923 0.07932692307692307 0.171875
0 0.6262019230769231 0.5084134615384616 0.056490384615384616 0.0889423076923077
0 0.7536057692307693 0.24278846153846154 0.042067307692307696 0.07451923076923077
0 0.5120192307692307 0.056490384615384616 0.04927884615384615 0.05889423076923077
0 0.3016826923076923 0.05889423076923077 0.039663461538461536 0.055288461538461536
0 0.2439903846153846 0.07091346153846154 0.036057692307692304 0.052884615384615384
0 0.28966346153846156 0.12620192307692307 0.036057692307692304 0.06370192307692307
0 0.203125 0.1971153846153846 0.06490384615384616 0.0829326923076923
0 0.06971153846153846 0.22956730769230768 0.030048076923076924 0.05889423076923077
0 0.039663461538461536 0.3161057692307692 0.039663461538461536 0.06129807692307692
0 0.10697115384615384 0.12860576923076922 0.026442307692307692 0.05889423076923077