0 0.6634615384615384 0.1778846153846154 0.03125 0.06129807692307692
0 0.6442307692307693 0.2091346153846154 0.030048076923076924 0.052884615384615384
0 0.5973557692307693 0.10576923076923077 0.030048076923076924 0.055288461538461536
0 0.5564903846153846 0.15985576923076922 0.030048076923076924 0.052884615384615384
0 0.5420673076923077 0.08653846153846154 0.026442307692307692 0.05048076923076923
0 0.5288461538461539 0.9399038461538461 0.1201923076923077 0.11899038461538461
0 0.29086538461538464 0.055288461538461536 0.026442307692307692 0.06129807692307692
0 0.2439903846153846 0.09495192307692307 0.02403846153846154 0.05048076923076923
0 0.21514423076923078 0.0889423076923077 0.02403846153846154 0.055288461538461536
0 0.17548076923076922 0.14903846153846154 0.036057692307692304 0.052884615384615384
0 0.16826923076923078 0.21394230769230768 0.03485576923076923 0.078125
0 0.07932692307692307 0.22596153846153846 0.025240384615384616 0.05889423076923077
0 0.051682692307692304 0.29086538461538464 0.036057692307692304 0.05889423076923077
0 0.08413461538461539 0.7247596153846154 0.04927884615384615 0.09975961538461539