0 0.6382211538461539 0.12740384615384615 0.039663461538461536 0.055288461538461536
0 0.5841346153846154 0.10697115384615384 0.03485576923076923 0.046875
0 0.5552884615384616 0.15865384615384615 0.03125 0.06129807692307692
0 0.5228365384615384 0.09134615384615384 0.030048076923076924 0.05048076923076923
0 0.5408653846153846 0.9459134615384616 0.1201923076923077 0.10817307692307693
0 0.2920673076923077 0.06971153846153846 0.03485576923076923 0.055288461538461536
0 0.24519230769230768 0.09495192307692307 0.036057692307692304 0.06610576923076923
0 0.22235576923076922 0.08653846153846154 0.03125 0.06129807692307692
0 0.18389423076923078 0.14182692307692307 0.03365384615384615 0.06610576923076923
0 0.22596153846153846 0.19471153846153846 0.037259615384615384 0.078125
0 0.1622596153846154 0.20673076923076922 0.019230769230769232 0.046875
0 0.08173076923076923 0.22956730769230768 0.030048076923076924 0.052884615384615384
0 0.06009615384615385 0.2860576923076923 0.037259615384615384 0.06610576923076923
0 0.09975961538461539 0.4182692307692308 0.05889423076923077 0.10336538461538461