0 0.8713942307692307 0.8425480769230769 0.06129807692307692 0.11899038461538461
0 0.7944711538461539 0.6370192307692307 0.0673076923076923 0.15865384615384615
0 0.7247596153846154 0.28846153846153844 0.04927884615384615 0.078125
0 0.6129807692307693 0.5420673076923077 0.04567307692307692 0.0889423076923077
0 0.5829326923076923 0.609375 0.06490384615384616 0.10817307692307693
0 0.5120192307692307 0.051682692307692304 0.039663461538461536 0.05889423076923077
0 0.25841346153846156 0.06009615384615385 0.030048076923076924 0.042067307692307696
0 0.21033653846153846 0.12379807692307693 0.030048076923076924 0.05889423076923077
0 0.17548076923076922 0.13341346153846154 0.03485576923076923 0.06610576923076923
0 0.16105769230769232 0.14543269230769232 0.021634615384615384 0.046875
0 0.20552884615384615 0.1935096153846154 0.040865384615384616 0.06971153846153846
0 0.07692307692307693 0.23557692307692307 0.030048076923076924 0.06610576923076923
0 0.042067307692307696 0.31850961538461536 0.042067307692307696 0.06370192307692307