0 0.8834134615384616 0.44591346153846156 0.037259615384615384 0.08052884615384616
0 0.6045673076923077 0.6887019230769231 0.054086538461538464 0.1502403846153846
0 0.7295673076923077 0.22355769230769232 0.039663461538461536 0.07451923076923077
0 0.6033653846153846 0.22235576923076922 0.03365384615384615 0.06129807692307692
0 0.6201923076923077 0.13581730769230768 0.037259615384615384 0.06610576923076923
0 0.4951923076923077 0.056490384615384616 0.028846153846153848 0.05889423076923077
0 0.3894230769230769 0.020432692307692308 0.028846153846153848 0.036057692307692304
0 0.296875 0.055288461538461536 0.026442307692307692 0.04447115384615385
0 0.25721153846153844 0.07932692307692307 0.028846153846153848 0.046875
0 0.2536057692307692 0.12860576923076922 0.025240384615384616 0.05889423076923077
0 0.21875 0.08173076923076923 0.025240384615384616 0.046875
0 0.21033653846153846 0.12860576923076922 0.037259615384615384 0.06971153846153846
0 0.18990384615384615 0.1935096153846154 0.036057692307692304 0.08052884615384616
0 0.05889423076923077 0.09254807692307693 0.021634615384615384 0.05889423076923077
0 0.0733173076923077 0.22596153846153846 0.030048076923076924 0.052884615384615384
0 0.09254807692307693 0.2824519230769231 0.02403846153846154 0.052884615384615384
0 0.16346153846153846 0.20192307692307693 0.015625 0.052884615384615384