0 0.5709134615384616 0.7223557692307693 0.056490384615384616 0.15504807692307693
0 0.8521634615384616 0.4098557692307692 0.030048076923076924 0.08653846153846154
0 0.7463942307692307 0.21754807692307693 0.042067307692307696 0.06971153846153846
0 0.609375 0.1778846153846154 0.03485576923076923 0.06129807692307692
0 0.5432692307692307 0.09495192307692307 0.03365384615384615 0.05048076923076923
0 0.5060096153846154 0.07091346153846154 0.026442307692307692 0.05889423076923077
0 0.39302884615384615 0.02403846153846154 0.020432692307692308 0.042067307692307696
0 0.296875 0.06490384615384616 0.026442307692307692 0.05889423076923077
0 0.2536057692307692 0.0889423076923077 0.030048076923076924 0.04447115384615385
0 0.2127403846153846 0.0829326923076923 0.03485576923076923 0.05048076923076923
0 0.22355769230769232 0.1346153846153846 0.030048076923076924 0.052884615384615384
0 0.18870192307692307 0.12860576923076922 0.030048076923076924 0.052884615384615384
0 0.1971153846153846 0.20432692307692307 0.037259615384615384 0.05889423076923077
0 0.16826923076923078 0.20673076923076922 0.020432692307692308 0.042067307692307696
0 0.1045673076923077 0.27524038461538464 0.039663461538461536 0.078125
0 0.07932692307692307 0.23197115384615385 0.03365384615384615 0.06971153846153846
0 0.06129807692307692 0.08653846153846154 0.026442307692307692 0.04447115384615385