0 0.5396634615384616 0.9495192307692307 0.125 0.09975961538461539
0 0.09134615384615384 0.7439903846153846 0.040865384615384616 0.078125
0 0.03365384615384615 0.30288461538461536 0.026442307692307692 0.078125
0 0.07692307692307693 0.23557692307692307 0.028846153846153848 0.06610576923076923
0 0.16826923076923078 0.21514423076923078 0.026442307692307692 0.06370192307692307
0 0.171875 0.15144230769230768 0.028846153846153848 0.052884615384615384
0 0.21394230769230768 0.09014423076923077 0.020432692307692308 0.05889423076923077
0 0.24158653846153846 0.09014423076923077 0.020432692307692308 0.046875
0 0.28725961538461536 0.06009615384615385 0.016826923076923076 0.052884615384615384
0 0.5396634615384616 0.12259615384615384 0.037259615384615384 0.021634615384615384
0 0.5504807692307693 0.1502403846153846 0.021634615384615384 0.05048076923076923
0 0.5877403846153846 0.11298076923076923 0.025240384615384616 0.05889423076923077
0 0.6454326923076923 0.13701923076923078 0.040865384615384616 0.08052884615384616