0 0.09014423076923077 0.4266826923076923 0.046875 0.09134615384615384
0 0.056490384615384616 0.29086538461538464 0.026442307692307692 0.08052884615384616
0 0.08052884615384616 0.23076923076923078 0.025240384615384616 0.07211538461538461
0 0.16826923076923078 0.20552884615384615 0.02403846153846154 0.06610576923076923
0 0.18509615384615385 0.1310096153846154 0.03125 0.055288461538461536
0 0.19951923076923078 0.18629807692307693 0.03365384615384615 0.078125
0 0.21394230769230768 0.0889423076923077 0.020432692307692308 0.06129807692307692
0 0.24158653846153846 0.08653846153846154 0.02403846153846154 0.04447115384615385
0 0.28725961538461536 0.056490384615384616 0.030048076923076924 0.05889423076923077
0 0.5396634615384616 0.125 0.037259615384615384 0.05048076923076923
0 0.5516826923076923 0.16826923076923078 0.03365384615384615 0.06370192307692307
0 0.5865384615384616 0.10576923076923077 0.030048076923076924 0.055288461538461536
0 0.640625 0.13581730769230768 0.037259615384615384 0.055288461538461536
0 0.546875 0.9447115384615384 0.12740384615384615 0.11057692307692307