0 0.8834134615384616 0.8293269230769231 0.06610576923076923 0.1310096153846154
0 0.7788461538461539 0.6574519230769231 0.06009615384615385 0.15264423076923078
0 0.6165865384615384 0.5300480769230769 0.06009615384615385 0.09975961538461539
0 0.5841346153846154 0.5997596153846154 0.06009615384615385 0.11057692307692307
0 0.7199519230769231 0.2692307692307692 0.042067307692307696 0.0889423076923077
0 0.5084134615384616 0.056490384615384616 0.04927884615384615 0.06370192307692307
0 0.2512019230769231 0.056490384615384616 0.03125 0.052884615384615384
0 0.2091346153846154 0.12259615384615384 0.036057692307692304 0.055288461538461536
0 0.20552884615384615 0.18990384615384615 0.04447115384615385 0.07451923076923077
0 0.1778846153846154 0.12620192307692307 0.03125 0.05889423076923077
0 0.14903846153846154 0.13221153846153846 0.02403846153846154 0.06370192307692307
0 0.07451923076923077 0.24278846153846154 0.028846153846153848 0.06370192307692307
0 0.042067307692307696 0.32211538461538464 0.03125 0.0889423076923077
0 0.2692307692307692 0.04807692307692308 0.021634615384615384 0.052884615384615384