0 0.5492788461538461 0.9495192307692307 0.140625 0.09975961538461539
0 0.25600961538461536 0.3112980769230769 0.04927884615384615 0.12259615384615384
0 0.234375 0.19110576923076922 0.039663461538461536 0.07211538461538461
0 0.1658653846153846 0.16105769230769232 0.036057692307692304 0.06129807692307692
0 0.07692307692307693 0.22956730769230768 0.03125 0.05889423076923077
0 0.04447115384615385 0.2956730769230769 0.03485576923076923 0.06971153846153846
0 0.21394230769230768 0.0889423076923077 0.03125 0.06610576923076923
0 0.2439903846153846 0.09014423076923077 0.025240384615384616 0.05889423076923077
0 0.28725961538461536 0.05889423076923077 0.021634615384615384 0.06129807692307692
0 0.5396634615384616 0.0889423076923077 0.03125 0.055288461538461536
0 0.5925480769230769 0.09975961538461539 0.030048076923076924 0.06129807692307692
0 0.5504807692307693 0.15985576923076922 0.03125 0.06370192307692307
0 0.625 0.12740384615384615 0.03485576923076923 0.06129807692307692
0 0.6610576923076923 0.18870192307692307 0.028846153846153848 0.055288461538461536