0 0.9350961538461539 0.6502403846153846 0.0625 0.14423076923076922
0 0.5889423076923077 0.6911057692307693 0.12139423076923077 0.13942307692307693
0 0.7788461538461539 0.30649038461538464 0.03125 0.08052884615384616
0 0.7151442307692307 0.19831730769230768 0.03365384615384615 0.09735576923076923
0 0.6538461538461539 0.12259615384615384 0.036057692307692304 0.055288461538461536
0 0.546875 0.07692307692307693 0.030048076923076924 0.07451923076923077
0 0.59375 0.1658653846153846 0.014423076923076924 0.06370192307692307
0 0.5240384615384616 0.08173076923076923 0.016826923076923076 0.025240384615384616
0 0.2980769230769231 0.06610576923076923 0.03125 0.055288461538461536
0 0.25600961538461536 0.08052884615384616 0.02403846153846154 0.05048076923076923
0 0.21394230769230768 0.0889423076923077 0.028846153846153848 0.05048076923076923
0 0.18870192307692307 0.15264423076923078 0.026442307692307692 0.06610576923076923
0 0.2091346153846154 0.19110576923076922 0.02403846153846154 0.06610576923076923
0 0.16706730769230768 0.20552884615384615 0.028846153846153848 0.05048076923076923
0 0.07451923076923077 0.21514423076923078 0.021634615384615384 0.052884615384615384
0 0.09735576923076923 0.2860576923076923 0.03485576923076923 0.06610576923076923