0 0.8846153846153846 0.640625 0.06971153846153846 0.15264423076923078
0 0.6057692307692307 0.6550480769230769 0.11658653846153846 0.12259615384615384
0 0.7896634615384616 0.30408653846153844 0.028846153846153848 0.06370192307692307
0 0.7632211538461539 0.2620192307692308 0.03485576923076923 0.10336538461538461
0 0.6526442307692307 0.12139423076923077 0.03365384615384615 0.046875
0 0.6129807692307693 0.09975961538461539 0.03125 0.06610576923076923
0 0.5733173076923077 0.1658653846153846 0.03365384615384615 0.05889423076923077
0 0.5336538461538461 0.10096153846153846 0.046875 0.06971153846153846
0 0.2980769230769231 0.07211538461538461 0.03485576923076923 0.055288461538461536
0 0.25600961538461536 0.08774038461538461 0.028846153846153848 0.052884615384615384
0 0.21514423076923078 0.09254807692307693 0.026442307692307692 0.06971153846153846
0 0.18629807692307693 0.13581730769230768 0.03125 0.07211538461538461
0 0.21634615384615385 0.19471153846153846 0.039663461538461536 0.09495192307692307
0 0.16706730769230768 0.21394230769230768 0.021634615384615384 0.06129807692307692
0 0.07211538461538461 0.21394230769230768 0.021634615384615384 0.055288461538461536
0 0.0985576923076923 0.28846153846153844 0.03365384615384615 0.06610576923076923