0 0.037259615384615384 0.3016826923076923 0.03365384615384615 0.052884615384615384
0 0.06490384615384616 0.27163461538461536 0.03365384615384615 0.06129807692307692
0 0.07211538461538461 0.17908653846153846 0.03125 0.046875
0 0.12620192307692307 0.12379807692307693 0.025240384615384616 0.052884615384615384
0 0.203125 0.19110576923076922 0.039663461538461536 0.07211538461538461
0 0.2608173076923077 0.1310096153846154 0.020432692307692308 0.038461538461538464
0 0.2283653846153846 0.12379807692307693 0.030048076923076924 0.042067307692307696
0 0.18870192307692307 0.12620192307692307 0.021634615384615384 0.052884615384615384
0 0.17548076923076922 0.11538461538461539 0.021634615384615384 0.042067307692307696
0 0.3004807692307692 0.038461538461538464 0.030048076923076924 0.05048076923076923
0 0.4543269230769231 0.042067307692307696 0.03125 0.05048076923076923
0 0.7283653846153846 0.4026442307692308 0.05048076923076923 0.078125
0 0.7992788461538461 0.7139423076923077 0.056490384615384616 0.09495192307692307
0 0.9459134615384616 0.703125 0.051682692307692304 0.09495192307692307