0 0.7283653846153846 0.22115384615384615 0.05889423076923077 0.06370192307692307
0 0.6670673076923077 0.19471153846153846 0.025240384615384616 0.06610576923076923
0 0.5336538461538461 0.9399038461538461 0.125 0.11899038461538461
0 0.5949519230769231 0.11658653846153846 0.030048076923076924 0.06129807692307692
0 0.5540865384615384 0.15745192307692307 0.030048076923076924 0.046875
0 0.5396634615384616 0.09495192307692307 0.03365384615384615 0.06129807692307692
0 0.28725961538461536 0.06129807692307692 0.02403846153846154 0.04447115384615385
0 0.2439903846153846 0.09735576923076923 0.021634615384615384 0.055288461538461536
0 0.2127403846153846 0.08413461538461539 0.021634615384615384 0.046875
0 0.1875 0.14182692307692307 0.03365384615384615 0.06610576923076923
0 0.17548076923076922 0.20793269230769232 0.03485576923076923 0.07211538461538461
0 0.07692307692307693 0.22235576923076922 0.028846153846153848 0.055288461538461536
0 0.03365384615384615 0.30288461538461536 0.036057692307692304 0.078125
0 0.09735576923076923 0.4266826923076923 0.04567307692307692 0.09134615384615384