0 0.7091346153846154 0.22956730769230768 0.04927884615384615 0.05889423076923077
0 0.6730769230769231 0.19471153846153846 0.026442307692307692 0.05048076923076923
0 0.5949519230769231 0.11778846153846154 0.036057692307692304 0.046875
0 0.5552884615384616 0.15865384615384615 0.028846153846153848 0.055288461538461536
0 0.5276442307692307 0.08774038461538461 0.030048076923076924 0.052884615384615384
0 0.28846153846153844 0.06129807692307692 0.025240384615384616 0.05048076923076923
0 0.2439903846153846 0.09615384615384616 0.021634615384615384 0.046875
0 0.21394230769230768 0.08774038461538461 0.021634615384615384 0.046875
0 0.17908653846153846 0.13942307692307693 0.03365384615384615 0.04447115384615385
0 0.18990384615384615 0.19591346153846154 0.036057692307692304 0.06370192307692307
0 0.1658653846153846 0.20552884615384615 0.019230769230769232 0.05048076923076923
0 0.07451923076923077 0.22596153846153846 0.02403846153846154 0.05889423076923077
0 0.036057692307692304 0.3004807692307692 0.030048076923076924 0.06610576923076923
0 0.09975961538461539 0.4266826923076923 0.046875 0.09735576923076923
0 0.5432692307692307 0.9423076923076923 0.12980769230769232 0.11538461538461539