0 0.07451923076923077 0.21995192307692307 0.025240384615384616 0.06129807692307692
0 0.10216346153846154 0.2860576923076923 0.03365384615384615 0.06129807692307692
0 0.16466346153846154 0.21514423076923078 0.026442307692307692 0.05889423076923077
0 0.21634615384615385 0.19471153846153846 0.037259615384615384 0.078125
0 0.18509615384615385 0.1346153846153846 0.025240384615384616 0.06971153846153846
0 0.2127403846153846 0.08653846153846154 0.021634615384615384 0.06129807692307692
0 0.2536057692307692 0.07932692307692307 0.02403846153846154 0.05889423076923077
0 0.3004807692307692 0.0733173076923077 0.02403846153846154 0.06370192307692307
0 0.5336538461538461 0.0985576923076923 0.030048076923076924 0.052884615384615384
0 0.5769230769230769 0.08774038461538461 0.03125 0.06370192307692307
0 0.6454326923076923 0.12139423076923077 0.030048076923076924 0.046875
0 0.7331730769230769 0.2439903846153846 0.030048076923076924 0.0889423076923077
0 0.7836538461538461 0.30528846153846156 0.03125 0.06610576923076923
0 0.5564903846153846 0.6911057692307693 0.09615384615384616 0.12740384615384615
0 0.9134615384615384 0.6730769230769231 0.04927884615384615 0.15264423076923078