0 0.27283653846153844 0.08774038461538461 0.03125 0.046875
0 0.3088942307692308 0.11778846153846154 0.026442307692307692 0.042067307692307696
0 0.3137019230769231 0.052884615384615384 0.03125 0.06129807692307692
0 0.33653846153846156 0.13701923076923078 0.03125 0.06971153846153846
0 0.23557692307692307 0.06610576923076923 0.030048076923076924 0.04447115384615385
0 0.20072115384615385 0.18990384615384615 0.04447115384615385 0.08653846153846154
0 0.07451923076923077 0.22596153846153846 0.036057692307692304 0.046875
0 0.03245192307692308 0.3125 0.04927884615384615 0.05889423076923077
0 0.5096153846153846 0.052884615384615384 0.04447115384615385 0.06610576923076923
0 0.7391826923076923 0.23798076923076922 0.039663461538461536 0.09735576923076923
0 0.6298076923076923 0.5 0.05889423076923077 0.11057692307692307
0 0.6586538461538461 0.5180288461538461 0.02403846153846154 0.06971153846153846
0 0.7680288461538461 0.609375 0.06009615384615385 0.16346153846153846
0 0.8581730769230769 0.7079326923076923 0.040865384615384616 0.13341346153846154