0 0.29927884615384615 0.3233173076923077 0.0625 0.125
0 0.53125 0.875 0.109375 0.171875
0 0.7055288461538461 0.328125 0.06009615384615385 0.09975961538461539
0 0.671875 0.20432692307692307 0.040865384615384616 0.06971153846153846
0 0.6117788461538461 0.11057692307692307 0.026442307692307692 0.0829326923076923
0 0.5625 0.1622596153846154 0.03485576923076923 0.06971153846153846
0 0.5192307692307693 0.09134615384615384 0.03125 0.06610576923076923
0 0.29447115384615385 0.06129807692307692 0.028846153846153848 0.06129807692307692
0 0.2536057692307692 0.0985576923076923 0.030048076923076924 0.052884615384615384
0 0.21514423076923078 0.09014423076923077 0.026442307692307692 0.05889423076923077
0 0.16826923076923078 0.14903846153846154 0.037259615384615384 0.06971153846153846
0 0.20072115384615385 0.20192307692307693 0.042067307692307696 0.08653846153846154
0 0.0733173076923077 0.23197115384615385 0.030048076923076924 0.06370192307692307
0 0.051682692307692304 0.2860576923076923 0.03125 0.078125