0 0.546875 0.9471153846153846 0.13822115384615385 0.10576923076923077
0 0.6346153846153846 0.1310096153846154 0.030048076923076924 0.055288461538461536
0 0.5841346153846154 0.10697115384615384 0.030048076923076924 0.052884615384615384
0 0.5504807692307693 0.15264423076923078 0.025240384615384616 0.06610576923076923
0 0.5108173076923077 0.07692307692307693 0.037259615384615384 0.06370192307692307
0 0.28725961538461536 0.06129807692307692 0.021634615384615384 0.05048076923076923
0 0.24278846153846154 0.09254807692307693 0.028846153846153848 0.046875
0 0.21394230769230768 0.08774038461538461 0.025240384615384616 0.05889423076923077
0 0.23798076923076922 0.1935096153846154 0.05048076923076923 0.08653846153846154
0 0.18028846153846154 0.13341346153846154 0.03365384615384615 0.06610576923076923
0 0.16826923076923078 0.20793269230769232 0.030048076923076924 0.06610576923076923
0 0.08173076923076923 0.23317307692307693 0.028846153846153848 0.06129807692307692
0 0.056490384615384616 0.2932692307692308 0.039663461538461536 0.06971153846153846
0 0.1310096153846154 0.4098557692307692 0.046875 0.10336538461538461