0 0.5516826923076923 0.9495192307692307 0.12139423076923077 0.09975961538461539
0 0.11298076923076923 0.41586538461538464 0.055288461538461536 0.10336538461538461
0 0.06009615384615385 0.2920673076923077 0.03485576923076923 0.078125
0 0.08533653846153846 0.23197115384615385 0.021634615384615384 0.06370192307692307
0 0.1622596153846154 0.20793269230769232 0.021634615384615384 0.04447115384615385
0 0.23677884615384615 0.18629807692307693 0.03485576923076923 0.078125
0 0.18028846153846154 0.13701923076923078 0.028846153846153848 0.06370192307692307
0 0.21394230769230768 0.08653846153846154 0.028846153846153848 0.06610576923076923
0 0.24158653846153846 0.09134615384615384 0.026442307692307692 0.06610576923076923
0 0.2860576923076923 0.06009615384615385 0.021634615384615384 0.046875
0 0.5132211538461539 0.08052884615384616 0.03365384615384615 0.055288461538461536
0 0.5793269230769231 0.10336538461538461 0.03125 0.04447115384615385
0 0.5516826923076923 0.15264423076923078 0.030048076923076924 0.06129807692307692
0 0.6346153846153846 0.13221153846153846 0.03365384615384615 0.06971153846153846