0 0.07091346153846154 0.22115384615384615 0.025240384615384616 0.05889423076923077
0 0.10216346153846154 0.2824519230769231 0.026442307692307692 0.05889423076923077
0 0.16826923076923078 0.2091346153846154 0.019230769230769232 0.042067307692307696
0 0.1875 0.17067307692307693 0.025240384615384616 0.05889423076923077
0 0.21394230769230768 0.1935096153846154 0.040865384615384616 0.09134615384615384
0 0.0673076923076923 0.05889423076923077 0.028846153846153848 0.038461538461538464
0 0.21153846153846154 0.0889423076923077 0.028846153846153848 0.06129807692307692
0 0.2548076923076923 0.08173076923076923 0.026442307692307692 0.052884615384615384
0 0.29927884615384615 0.06009615384615385 0.025240384615384616 0.052884615384615384
0 0.4519230769230769 0.028846153846153848 0.02403846153846154 0.052884615384615384
0 0.5336538461538461 0.09615384615384616 0.03365384615384615 0.07451923076923077
0 0.6117788461538461 0.11899038461538461 0.028846153846153848 0.06610576923076923
0 0.671875 0.13942307692307693 0.028846153846153848 0.055288461538461536
0 0.7668269230769231 0.30528846153846156 0.03485576923076923 0.078125
0 0.5805288461538461 0.6766826923076923 0.1201923076923077 0.1310096153846154