0 0.8389423076923077 0.6754807692307693 0.05048076923076923 0.12259615384615384
0 0.6670673076923077 0.6706730769230769 0.06971153846153846 0.15264423076923078
0 0.8088942307692307 0.3858173076923077 0.040865384615384616 0.078125
0 0.7223557692307693 0.421875 0.04447115384615385 0.09495192307692307
0 0.7223557692307693 0.22596153846153846 0.040865384615384616 0.08052884615384616
0 0.5108173076923077 0.05889423076923077 0.042067307692307696 0.07211538461538461
0 0.35216346153846156 0.13942307692307693 0.036057692307692304 0.06129807692307692
0 0.31490384615384615 0.11658653846153846 0.03485576923076923 0.06129807692307692
0 0.31009615384615385 0.04567307692307692 0.036057692307692304 0.042067307692307696
0 0.2692307692307692 0.08173076923076923 0.03365384615384615 0.046875
0 0.2608173076923077 0.020432692307692308 0.028846153846153848 0.036057692307692304
0 0.2127403846153846 0.09254807692307693 0.026442307692307692 0.06971153846153846
0 0.203125 0.18028846153846154 0.037259615384615384 0.06610576923076923
0 0.07211538461538461 0.12139423076923077 0.021634615384615384 0.046875
0 0.07451923076923077 0.2283653846153846 0.03365384615384615 0.06610576923076923
0 0.05048076923076923 0.296875 0.03485576923076923 0.06610576923076923
0 0.17548076923076922 0.19951923076923078 0.016826923076923076 0.055288461538461536