0 0.6598557692307693 0.18389423076923078 0.026442307692307692 0.06610576923076923
0 0.6274038461538461 0.13341346153846154 0.03125 0.055288461538461536
0 0.5901442307692307 0.10336538461538461 0.03365384615384615 0.055288461538461536
0 0.5492788461538461 0.1622596153846154 0.030048076923076924 0.05889423076923077
0 0.5336538461538461 0.09014423076923077 0.030048076923076924 0.06370192307692307
0 0.2860576923076923 0.06009615384615385 0.025240384615384616 0.052884615384615384
0 0.24278846153846154 0.09134615384615384 0.028846153846153848 0.05048076923076923
0 0.21634615384615385 0.09014423076923077 0.028846153846153848 0.046875
0 0.2283653846153846 0.18870192307692307 0.03485576923076923 0.078125
0 0.23677884615384615 0.33413461538461536 0.05048076923076923 0.10817307692307693
0 0.16826923076923078 0.16826923076923078 0.036057692307692304 0.06370192307692307
0 0.07692307692307693 0.23076923076923078 0.03125 0.06610576923076923
0 0.051682692307692304 0.29086538461538464 0.03485576923076923 0.05889423076923077
0 0.5637019230769231 0.9495192307692307 0.109375 0.09975961538461539