0 0.06610576923076923 0.08653846153846154 0.019230769230769232 0.038461538461538464
0 0.06971153846153846 0.23918269230769232 0.016826923076923076 0.05048076923076923
0 0.10216346153846154 0.27524038461538464 0.028846153846153848 0.07211538461538461
0 0.16826923076923078 0.21394230769230768 0.020432692307692308 0.04447115384615385
0 0.203125 0.20432692307692307 0.037259615384615384 0.05889423076923077
0 0.18509615384615385 0.13581730769230768 0.028846153846153848 0.055288461538461536
0 0.2127403846153846 0.14543269230769232 0.03125 0.052884615384615384
0 0.21514423076923078 0.08774038461538461 0.026442307692307692 0.06370192307692307
0 0.2512019230769231 0.09134615384615384 0.03125 0.05048076923076923
0 0.3016826923076923 0.056490384615384616 0.025240384615384616 0.046875
0 0.3954326923076923 0.016826923076923076 0.02403846153846154 0.027644230769230768
0 0.5396634615384616 0.078125 0.03125 0.055288461538461536
0 0.5901442307692307 0.17668269230769232 0.026442307692307692 0.08052884615384616
0 0.7103365384615384 0.18870192307692307 0.039663461538461536 0.06129807692307692
0 0.8305288461538461 0.3713942307692308 0.03365384615384615 0.07451923076923077
0 0.5757211538461539 0.6959134615384616 0.07572115384615384 0.1310096153846154