0 0.8966346153846154 0.43990384615384615 0.036057692307692304 0.07451923076923077
0 0.5841346153846154 0.6850961538461539 0.06129807692307692 0.15264423076923078
0 0.7235576923076923 0.22355769230769232 0.036057692307692304 0.06971153846153846
0 0.5901442307692307 0.20192307692307693 0.039663461538461536 0.06971153846153846
0 0.5805288461538461 0.10576923076923077 0.03125 0.07211538461538461
0 0.5024038461538461 0.0625 0.030048076923076924 0.06370192307692307
0 0.38822115384615385 0.020432692307692308 0.015625 0.036057692307692304
0 0.29447115384615385 0.055288461538461536 0.021634615384615384 0.055288461538461536
0 0.2536057692307692 0.08774038461538461 0.02403846153846154 0.042067307692307696
0 0.25240384615384615 0.13221153846153846 0.028846153846153848 0.046875
0 0.21875 0.125 0.026442307692307692 0.06610576923076923
0 0.21514423076923078 0.078125 0.036057692307692304 0.05048076923076923
0 0.057692307692307696 0.09615384615384616 0.02403846153846154 0.036057692307692304
0 0.07692307692307693 0.22956730769230768 0.020432692307692308 0.05889423076923077
0 0.09254807692307693 0.2776442307692308 0.03125 0.078125
0 0.16346153846153846 0.21514423076923078 0.009615384615384616 0.030048076923076924
0 0.18509615384615385 0.20192307692307693 0.03485576923076923 0.07451923076923077