0 0.040865384615384616 0.27884615384615385 0.028846153846153848 0.06971153846153846
0 0.07451923076923077 0.23798076923076922 0.025240384615384616 0.07451923076923077
0 0.1658653846153846 0.2091346153846154 0.025240384615384616 0.052884615384615384
0 0.1778846153846154 0.14182692307692307 0.03125 0.06610576923076923
0 0.1935096153846154 0.19471153846153846 0.03125 0.06610576923076923
0 0.21514423076923078 0.0829326923076923 0.020432692307692308 0.06610576923076923
0 0.24639423076923078 0.09735576923076923 0.025240384615384616 0.06129807692307692
0 0.28725961538461536 0.06009615384615385 0.021634615384615384 0.05889423076923077
0 0.5180288461538461 0.09254807692307693 0.02403846153846154 0.052884615384615384
0 0.5661057692307693 0.15865384615384615 0.025240384615384616 0.07211538461538461
0 0.6069711538461539 0.10817307692307693 0.03125 0.05048076923076923
0 0.6754807692307693 0.20192307692307693 0.030048076923076924 0.06370192307692307
0 0.5673076923076923 0.25721153846153844 0.046875 0.09735576923076923
0 0.6778846153846154 0.3894230769230769 0.04927884615384615 0.11057692307692307
0 0.6850961538461539 0.8858173076923077 0.11057692307692307 0.18389423076923078