0 0.06370192307692307 0.2776442307692308 0.039663461538461536 0.0889423076923077
0 0.08774038461538461 0.22235576923076922 0.03485576923076923 0.04447115384615385
0 0.17307692307692307 0.15264423076923078 0.036057692307692304 0.04447115384615385
0 0.16346153846153846 0.22355769230769232 0.03125 0.052884615384615384
0 0.21033653846153846 0.18509615384615385 0.042067307692307696 0.05889423076923077
0 0.20432692307692307 0.0889423076923077 0.02403846153846154 0.055288461538461536
0 0.24519230769230768 0.09495192307692307 0.026442307692307692 0.05048076923076923
0 0.29086538461538464 0.06129807692307692 0.030048076923076924 0.055288461538461536
0 0.3317307692307692 0.1346153846153846 0.036057692307692304 0.052884615384615384
0 0.5012019230769231 0.08413461538461539 0.030048076923076924 0.05889423076923077
0 0.5444711538461539 0.15865384615384615 0.028846153846153848 0.04447115384615385
0 0.5853365384615384 0.0985576923076923 0.03485576923076923 0.042067307692307696
0 0.6177884615384616 0.1310096153846154 0.036057692307692304 0.05048076923076923
0 0.6598557692307693 0.1875 0.04447115384615385 0.06370192307692307