0 0.9110576923076923 0.6610576923076923 0.04927884615384615 0.09975961538461539
0 0.765625 0.6610576923076923 0.055288461538461536 0.11057692307692307
0 0.7307692307692307 0.38341346153846156 0.054086538461538464 0.0889423076923077
0 0.47836538461538464 0.04447115384615385 0.04447115384615385 0.06610576923076923
0 0.2932692307692308 0.04567307692307692 0.03485576923076923 0.042067307692307696
0 0.2548076923076923 0.14182692307692307 0.02403846153846154 0.038461538461538464
0 0.2247596153846154 0.12379807692307693 0.030048076923076924 0.046875
0 0.18629807692307693 0.12740384615384615 0.021634615384615384 0.055288461538461536
0 0.1658653846153846 0.12620192307692307 0.020432692307692308 0.052884615384615384
0 0.140625 0.109375 0.028846153846153848 0.052884615384615384
0 0.07932692307692307 0.18389423076923078 0.02403846153846154 0.05048076923076923
0 0.06370192307692307 0.27884615384615385 0.039663461538461536 0.05889423076923077
0 0.042067307692307696 0.3125 0.03365384615384615 0.046875
0 0.203125 0.19471153846153846 0.04567307692307692 0.0829326923076923