0 0.10216346153846154 0.2848557692307692 0.028846153846153848 0.08052884615384616
0 0.06971153846153846 0.22956730769230768 0.03365384615384615 0.05889423076923077
0 0.07211538461538461 0.06971153846153846 0.016826923076923076 0.03365384615384615
0 0.16826923076923078 0.21514423076923078 0.020432692307692308 0.042067307692307696
0 0.20673076923076922 0.1935096153846154 0.03485576923076923 0.06971153846153846
0 0.21153846153846154 0.08774038461538461 0.019230769230769232 0.05889423076923077
0 0.25600961538461536 0.08173076923076923 0.019230769230769232 0.052884615384615384
0 0.296875 0.06129807692307692 0.016826923076923076 0.055288461538461536
0 0.421875 0.027644230769230768 0.02403846153846154 0.05048076923076923
0 0.5372596153846154 0.09254807692307693 0.028846153846153848 0.05889423076923077
0 0.6129807692307693 0.12139423076923077 0.03125 0.07451923076923077
0 0.6670673076923077 0.14182692307692307 0.03485576923076923 0.06610576923076923
0 0.7752403846153846 0.3112980769230769 0.030048076923076924 0.078125
0 0.5805288461538461 0.6790865384615384 0.11298076923076923 0.13581730769230768