0 0.07091346153846154 0.21394230769230768 0.025240384615384616 0.06129807692307692
0 0.10336538461538461 0.2848557692307692 0.030048076923076924 0.07451923076923077
0 0.16706730769230768 0.2091346153846154 0.021634615384615384 0.05889423076923077
0 0.18269230769230768 0.13341346153846154 0.03485576923076923 0.07211538461538461
0 0.21033653846153846 0.18629807692307693 0.037259615384615384 0.07211538461538461
0 0.2127403846153846 0.0889423076923077 0.021634615384615384 0.05048076923076923
0 0.25721153846153844 0.08774038461538461 0.021634615384615384 0.042067307692307696
0 0.29447115384615385 0.06610576923076923 0.026442307692307692 0.078125
0 0.5360576923076923 0.0889423076923077 0.03125 0.04447115384615385
0 0.5733173076923077 0.15865384615384615 0.020432692307692308 0.06610576923076923
0 0.625 0.11778846153846154 0.028846153846153848 0.046875
0 0.6754807692307693 0.14423076923076922 0.026442307692307692 0.07211538461538461
0 0.7572115384615384 0.2860576923076923 0.028846153846153848 0.06129807692307692
0 0.6634615384615384 0.5985576923076923 0.09975961538461539 0.11899038461538461
0 0.8317307692307693 0.4170673076923077 0.054086538461538464 0.13942307692307693
0 0.8653846153846154 0.6754807692307693 0.054086538461538464 0.1502403846153846