0 0.07211538461538461 0.10697115384615384 0.03485576923076923 0.036057692307692304
0 0.0733173076923077 0.23076923076923078 0.030048076923076924 0.06129807692307692
0 0.051682692307692304 0.2932692307692308 0.042067307692307696 0.07451923076923077
0 0.21634615384615385 0.18870192307692307 0.03365384615384615 0.078125
0 0.21033653846153846 0.09495192307692307 0.028846153846153848 0.055288461538461536
0 0.2704326923076923 0.09495192307692307 0.016826923076923076 0.05048076923076923
0 0.18269230769230768 0.20432692307692307 0.020432692307692308 0.052884615384615384
0 0.2776442307692308 0.018028846153846152 0.025240384615384616 0.030048076923076924
0 0.3076923076923077 0.046875 0.028846153846153848 0.05048076923076923
0 0.3161057692307692 0.11538461538461539 0.02403846153846154 0.06370192307692307
0 0.35216346153846156 0.14423076923076922 0.03125 0.06610576923076923
0 0.5096153846153846 0.051682692307692304 0.040865384615384616 0.06971153846153846
0 0.7235576923076923 0.22235576923076922 0.040865384615384616 0.0829326923076923
0 0.7487980769230769 0.4098557692307692 0.03365384615384615 0.08653846153846154
0 0.8245192307692307 0.3605769230769231 0.037259615384615384 0.0889423076923077
0 0.8473557692307693 0.6610576923076923 0.03365384615384615 0.11057692307692307
0 0.6394230769230769 0.6550480769230769 0.0673076923076923 0.171875