0 0.5769230769230769 0.6875 0.09615384615384616 0.125
0 0.8052884615384616 0.3317307692307692 0.04567307692307692 0.05889423076923077
0 0.6959134615384616 0.1658653846153846 0.040865384615384616 0.042067307692307696
0 0.5913461538461539 0.16105769230769232 0.03125 0.06129807692307692
0 0.5721153846153846 0.09975961538461539 0.03365384615384615 0.06610576923076923
0 0.53125 0.08653846153846154 0.04447115384615385 0.06610576923076923
0 0.40625 0.025240384615384616 0.026442307692307692 0.04447115384615385
0 0.29927884615384615 0.06009615384615385 0.021634615384615384 0.042067307692307696
0 0.25240384615384615 0.08413461538461539 0.03125 0.046875
0 0.21394230769230768 0.09254807692307693 0.025240384615384616 0.052884615384615384
0 0.1935096153846154 0.12620192307692307 0.026442307692307692 0.052884615384615384
0 0.21033653846153846 0.19110576923076922 0.03485576923076923 0.06129807692307692
0 0.16826923076923078 0.2127403846153846 0.026442307692307692 0.036057692307692304
0 0.0625 0.0889423076923077 0.016826923076923076 0.03365384615384615
0 0.06850961538461539 0.22596153846153846 0.03365384615384615 0.06370192307692307
0 0.109375 0.2824519230769231 0.03485576923076923 0.06370192307692307