0 0.9735576923076923 0.6538461538461539 0.039663461538461536 0.1310096153846154
0 0.8125 0.6634615384615384 0.0625 0.11658653846153846
0 0.6646634615384616 0.6033653846153846 0.06490384615384616 0.10576923076923077
0 0.7127403846153846 0.3629807692307692 0.055288461538461536 0.10336538461538461
0 0.5168269230769231 0.06370192307692307 0.046875 0.06129807692307692
0 0.2776442307692308 0.04567307692307692 0.037259615384615384 0.052884615384615384
0 0.24519230769230768 0.14543269230769232 0.030048076923076924 0.05889423076923077
0 0.21033653846153846 0.13221153846153846 0.026442307692307692 0.05889423076923077
0 0.20673076923076922 0.19831730769230768 0.046875 0.07451923076923077
0 0.1778846153846154 0.125 0.021634615384615384 0.04447115384615385
0 0.18269230769230768 0.09014423076923077 0.036057692307692304 0.046875
0 0.11298076923076923 0.16346153846153846 0.037259615384615384 0.055288461538461536
0 0.06971153846153846 0.2764423076923077 0.0625 0.06971153846153846
0 0.056490384615384616 0.3629807692307692 0.04567307692307692 0.05889423076923077