0 0.6610576923076923 0.16346153846153846 0.037259615384615384 0.07211538461538461
0 0.5949519230769231 0.11538461538461539 0.028846153846153848 0.046875
0 0.5528846153846154 0.15144230769230768 0.030048076923076924 0.046875
0 0.5288461538461539 0.0829326923076923 0.026442307692307692 0.05048076923076923
0 0.28966346153846156 0.0625 0.021634615384615384 0.052884615384615384
0 0.24519230769230768 0.09495192307692307 0.02403846153846154 0.055288461538461536
0 0.21634615384615385 0.08653846153846154 0.021634615384615384 0.055288461538461536
0 0.17307692307692307 0.15745192307692307 0.028846153846153848 0.046875
0 0.16826923076923078 0.21754807692307693 0.03485576923076923 0.07451923076923077
0 0.07692307692307693 0.23076923076923078 0.028846153846153848 0.06129807692307692
0 0.04326923076923077 0.28846153846153844 0.036057692307692304 0.06129807692307692
0 0.10576923076923077 0.8112980769230769 0.05048076923076923 0.0829326923076923
0 0.6346153846153846 0.2247596153846154 0.019230769230769232 0.04447115384615385