0 0.07572115384615384 0.21634615384615385 0.025240384615384616 0.05048076923076923
0 0.09735576923076923 0.28725961538461536 0.03365384615384615 0.07451923076923077
0 0.17067307692307693 0.2091346153846154 0.021634615384615384 0.05889423076923077
0 0.18509615384615385 0.13701923076923078 0.03365384615384615 0.05889423076923077
0 0.2127403846153846 0.1935096153846154 0.037259615384615384 0.06370192307692307
0 0.21394230769230768 0.09495192307692307 0.026442307692307692 0.07211538461538461
0 0.25721153846153844 0.09014423076923077 0.015625 0.046875
0 0.29447115384615385 0.0625 0.026442307692307692 0.052884615384615384
0 0.5360576923076923 0.08653846153846154 0.021634615384615384 0.055288461538461536
0 0.5721153846153846 0.15865384615384615 0.021634615384615384 0.06129807692307692
0 0.6045673076923077 0.10096153846153846 0.016826923076923076 0.052884615384615384
0 0.7115384615384616 0.17668269230769232 0.03485576923076923 0.07451923076923077
0 0.6514423076923077 0.5588942307692307 0.08533653846153846 0.12740384615384615
0 0.9002403846153846 0.4963942307692308 0.046875 0.11899038461538461
0 0.8810096153846154 0.7115384615384616 0.051682692307692304 0.14423076923076922