0 0.5769230769230769 0.6778846153846154 0.11177884615384616 0.14423076923076922
0 0.7644230769230769 0.3016826923076923 0.036057692307692304 0.08052884615384616
0 0.6742788461538461 0.140625 0.03365384615384615 0.06370192307692307
0 0.6129807692307693 0.14182692307692307 0.03125 0.078125
0 0.5348557692307693 0.0889423076923077 0.025240384615384616 0.06129807692307692
0 0.45913461538461536 0.036057692307692304 0.019230769230769232 0.055288461538461536
0 0.29927884615384615 0.055288461538461536 0.028846153846153848 0.055288461538461536
0 0.25841346153846156 0.08413461538461539 0.03365384615384615 0.05889423076923077
0 0.21754807692307693 0.08774038461538461 0.03125 0.05889423076923077
0 0.21033653846153846 0.19591346153846154 0.03365384615384615 0.08052884615384616
0 0.18509615384615385 0.17548076923076922 0.025240384615384616 0.055288461538461536
0 0.16826923076923078 0.20552884615384615 0.02403846153846154 0.055288461538461536
0 0.07211538461538461 0.22115384615384615 0.030048076923076924 0.05889423076923077
0 0.10216346153846154 0.2860576923076923 0.030048076923076924 0.06610576923076923
0 0.06129807692307692 0.0733173076923077 0.021634615384615384 0.046875