0 0.04567307692307692 0.33052884615384615 0.03125 0.055288461538461536
0 0.07572115384615384 0.23076923076923078 0.04447115384615385 0.06610576923076923
0 0.20673076923076922 0.19831730769230768 0.04447115384615385 0.08052884615384616
0 0.17427884615384615 0.12740384615384615 0.030048076923076924 0.05048076923076923
0 0.21394230769230768 0.10096153846153846 0.028846153846153848 0.05889423076923077
0 0.234375 0.06009615384615385 0.02403846153846154 0.052884615384615384
0 0.2608173076923077 0.052884615384615384 0.028846153846153848 0.055288461538461536
0 0.5108173076923077 0.055288461538461536 0.039663461538461536 0.06129807692307692
0 0.7307692307692307 0.2980769230769231 0.040865384615384616 0.06971153846153846
0 0.8149038461538461 0.6033653846153846 0.05048076923076923 0.13942307692307693
0 0.6153846153846154 0.5528846153846154 0.055288461538461536 0.0889423076923077
0 0.59375 0.6334134615384616 0.06490384615384616 0.12740384615384615
0 0.8798076923076923 0.8473557692307693 0.0625 0.13942307692307693