0 0.17548076923076922 0.3954326923076923 0.040865384615384616 0.10817307692307693
0 0.055288461538461536 0.29086538461538464 0.04447115384615385 0.08653846153846154
0 0.08052884615384616 0.23076923076923078 0.025240384615384616 0.06610576923076923
0 0.16466346153846154 0.2127403846153846 0.026442307692307692 0.052884615384615384
0 0.17668269230769232 0.13942307692307693 0.028846153846153848 0.06129807692307692
0 0.23557692307692307 0.18870192307692307 0.03125 0.0829326923076923
0 0.21394230769230768 0.0889423076923077 0.020432692307692308 0.06610576923076923
0 0.2439903846153846 0.09495192307692307 0.02403846153846154 0.07211538461538461
0 0.2860576923076923 0.06009615384615385 0.02403846153846154 0.052884615384615384
0 0.5120192307692307 0.08052884615384616 0.03485576923076923 0.055288461538461536
0 0.5492788461538461 0.15745192307692307 0.030048076923076924 0.052884615384615384
0 0.5805288461538461 0.09735576923076923 0.021634615384615384 0.05048076923076923
0 0.6322115384615384 0.12740384615384615 0.03485576923076923 0.06129807692307692
0 0.5564903846153846 0.9507211538461539 0.10336538461538461 0.0985576923076923