0 0.042067307692307696 0.2860576923076923 0.03125 0.07211538461538461
0 0.07451923076923077 0.23197115384615385 0.025240384615384616 0.06370192307692307
0 0.16826923076923078 0.20432692307692307 0.019230769230769232 0.046875
0 0.19831730769230768 0.203125 0.040865384615384616 0.0889423076923077
0 0.17548076923076922 0.13701923076923078 0.021634615384615384 0.05889423076923077
0 0.2127403846153846 0.08774038461538461 0.021634615384615384 0.06370192307692307
0 0.24879807692307693 0.10697115384615384 0.026442307692307692 0.052884615384615384
0 0.28725961538461536 0.056490384615384616 0.016826923076923076 0.046875
0 0.44711538461538464 0.2776442307692308 0.04567307692307692 0.09495192307692307
0 0.5168269230769231 0.08774038461538461 0.02403846153846154 0.052884615384615384
0 0.5649038461538461 0.16826923076923078 0.03365384615384615 0.06370192307692307
0 0.6081730769230769 0.1045673076923077 0.030048076923076924 0.052884615384615384
0 0.6742788461538461 0.20192307692307693 0.036057692307692304 0.06971153846153846
0 0.6742788461538461 0.33653846153846156 0.05889423076923077 0.09975961538461539
0 0.5961538461538461 0.8774038461538461 0.11298076923076923 0.171875