0 0.6526442307692307 0.19591346153846154 0.030048076923076924 0.05889423076923077
0 0.5997596153846154 0.125 0.03365384615384615 0.04447115384615385
0 0.5865384615384616 0.09134615384615384 0.026442307692307692 0.03365384615384615
0 0.5576923076923077 0.15504807692307693 0.026442307692307692 0.06129807692307692
0 0.5084134615384616 0.08653846153846154 0.03125 0.055288461538461536
0 0.3329326923076923 0.10336538461538461 0.03125 0.06610576923076923
0 0.28966346153846156 0.056490384615384616 0.026442307692307692 0.046875
0 0.24158653846153846 0.08653846153846154 0.020432692307692308 0.027644230769230768
0 0.20192307692307693 0.09134615384615384 0.021634615384615384 0.055288461538461536
0 0.20072115384615385 0.1875 0.028846153846153848 0.06370192307692307
0 0.16826923076923078 0.16346153846153846 0.026442307692307692 0.05048076923076923
0 0.16466346153846154 0.2091346153846154 0.02403846153846154 0.042067307692307696
0 0.08653846153846154 0.21995192307692307 0.03365384615384615 0.04447115384615385
0 0.06370192307692307 0.28725961538461536 0.03365384615384615 0.052884615384615384