0 0.8870192307692307 0.48197115384615385 0.037259615384615384 0.09134615384615384
0 0.5925480769230769 0.6850961538461539 0.08052884615384616 0.15264423076923078
0 0.734375 0.23317307692307693 0.04567307692307692 0.06610576923076923
0 0.7103365384615384 0.19471153846153846 0.039663461538461536 0.0889423076923077
0 0.5084134615384616 0.052884615384615384 0.040865384615384616 0.055288461538461536
0 0.390625 0.019230769230769232 0.026442307692307692 0.03365384615384615
0 0.3016826923076923 0.05048076923076923 0.025240384615384616 0.04447115384615385
0 0.30288461538461536 0.11658653846153846 0.037259615384615384 0.055288461538461536
0 0.25961538461538464 0.11899038461538461 0.03365384615384615 0.06610576923076923
0 0.2608173076923077 0.07692307692307693 0.030048076923076924 0.042067307692307696
0 0.21033653846153846 0.08774038461538461 0.026442307692307692 0.042067307692307696
0 0.2283653846153846 0.18389423076923078 0.030048076923076924 0.0829326923076923
0 0.17307692307692307 0.2091346153846154 0.021634615384615384 0.05889423076923077
0 0.051682692307692304 0.08774038461538461 0.03125 0.042067307692307696
0 0.06971153846153846 0.2247596153846154 0.036057692307692304 0.055288461538461536
0 0.07091346153846154 0.2824519230769231 0.03485576923076923 0.07451923076923077