0 0.5372596153846154 0.9483173076923077 0.15745192307692307 0.10336538461538461
0 0.6358173076923077 0.13221153846153846 0.03125 0.07451923076923077
0 0.5853365384615384 0.10096153846153846 0.03485576923076923 0.05889423076923077
0 0.5540865384615384 0.15865384615384615 0.028846153846153848 0.06129807692307692
0 0.5120192307692307 0.078125 0.036057692307692304 0.055288461538461536
0 0.28725961538461536 0.0625 0.02403846153846154 0.046875
0 0.2439903846153846 0.09134615384615384 0.025240384615384616 0.055288461538461536
0 0.2127403846153846 0.08413461538461539 0.021634615384615384 0.052884615384615384
0 0.18389423076923078 0.13942307692307693 0.042067307692307696 0.06129807692307692
0 0.16826923076923078 0.20552884615384615 0.02403846153846154 0.055288461538461536
0 0.234375 0.1875 0.036057692307692304 0.08052884615384616
0 0.08173076923076923 0.22596153846153846 0.037259615384615384 0.05889423076923077
0 0.05889423076923077 0.2920673076923077 0.04447115384615385 0.09495192307692307
0 0.14903846153846154 0.4050480769230769 0.05889423076923077 0.11658653846153846