0 0.15144230769230768 0.13581730769230768 0.025240384615384616 0.06129807692307692
0 0.17067307692307693 0.11778846153846154 0.019230769230769232 0.08052884615384616
0 0.21033653846153846 0.12379807692307693 0.03125 0.06971153846153846
0 0.20432692307692307 0.20192307692307693 0.042067307692307696 0.07451923076923077
0 0.25841346153846156 0.05889423076923077 0.026442307692307692 0.05048076923076923
0 0.2439903846153846 0.056490384615384616 0.021634615384615384 0.052884615384615384
0 0.07692307692307693 0.234375 0.03125 0.05889423076923077
0 0.04326923076923077 0.3161057692307692 0.039663461538461536 0.06129807692307692
0 0.5096153846153846 0.052884615384615384 0.03125 0.06129807692307692
0 0.7235576923076923 0.28365384615384615 0.036057692307692304 0.078125
0 0.796875 0.6177884615384616 0.07451923076923077 0.14182692307692307
0 0.6153846153846154 0.5360576923076923 0.04927884615384615 0.09975961538461539
0 0.5841346153846154 0.6153846153846154 0.06610576923076923 0.1310096153846154
0 0.8774038461538461 0.8341346153846154 0.056490384615384616 0.125