0 0.5336538461538461 0.9543269230769231 0.15745192307692307 0.09134615384615384
0 0.6274038461538461 0.13341346153846154 0.025240384615384616 0.055288461538461536
0 0.5901442307692307 0.109375 0.026442307692307692 0.06370192307692307
0 0.5504807692307693 0.15504807692307693 0.025240384615384616 0.06129807692307692
0 0.5420673076923077 0.11538461538461539 0.026442307692307692 0.036057692307692304
0 0.28725961538461536 0.0625 0.021634615384615384 0.052884615384615384
0 0.24158653846153846 0.09134615384615384 0.020432692307692308 0.05048076923076923
0 0.21514423076923078 0.09014423076923077 0.020432692307692308 0.052884615384615384
0 0.18629807692307693 0.13221153846153846 0.028846153846153848 0.046875
0 0.16826923076923078 0.2091346153846154 0.025240384615384616 0.06971153846153846
0 0.08052884615384616 0.23798076923076922 0.03125 0.05889423076923077
0 0.057692307692307696 0.29447115384615385 0.03365384615384615 0.055288461538461536
0 0.1346153846153846 0.4230769230769231 0.04447115384615385 0.09735576923076923