0 0.8569711538461539 0.6850961538461539 0.05889423076923077 0.11899038461538461
0 0.7668269230769231 0.6598557692307693 0.055288461538461536 0.16346153846153846
0 0.6838942307692307 0.49759615384615385 0.06129807692307692 0.12259615384615384
0 0.6418269230769231 0.47115384615384615 0.019230769230769232 0.05889423076923077
0 0.7319711538461539 0.22355769230769232 0.05048076923076923 0.08653846153846154
0 0.5084134615384616 0.06129807692307692 0.03485576923076923 0.055288461538461536
0 0.35697115384615385 0.14182692307692307 0.040865384615384616 0.06610576923076923
0 0.3245192307692308 0.12620192307692307 0.036057692307692304 0.052884615384615384
0 0.3125 0.054086538461538464 0.036057692307692304 0.046875
0 0.27403846153846156 0.09495192307692307 0.03125 0.06129807692307692
0 0.23798076923076922 0.06850961538461539 0.036057692307692304 0.06370192307692307
0 0.22355769230769232 0.019230769230769232 0.025240384615384616 0.027644230769230768
0 0.0985576923076923 0.125 0.026442307692307692 0.055288461538461536
0 0.19831730769230768 0.1875 0.040865384615384616 0.08653846153846154
0 0.08413461538461539 0.23918269230769232 0.04567307692307692 0.06610576923076923
0 0.03365384615384615 0.3269230769230769 0.06129807692307692 0.07451923076923077