0 0.8173076923076923 0.35697115384615385 0.03365384615384615 0.07451923076923077
0 0.5612980769230769 0.6850961538461539 0.07451923076923077 0.15865384615384615
0 0.6983173076923077 0.18389423076923078 0.046875 0.07211538461538461
0 0.5865384615384616 0.171875 0.028846153846153848 0.07211538461538461
0 0.5576923076923077 0.08413461538461539 0.030048076923076924 0.06370192307692307
0 0.5240384615384616 0.07692307692307693 0.020432692307692308 0.06370192307692307
0 0.4014423076923077 0.021634615384615384 0.026442307692307692 0.038461538461538464
0 0.2956730769230769 0.06009615384615385 0.016826923076923076 0.06370192307692307
0 0.2536057692307692 0.08173076923076923 0.03365384615384615 0.06370192307692307
0 0.21514423076923078 0.09735576923076923 0.030048076923076924 0.05048076923076923
0 0.21033653846153846 0.19471153846153846 0.03125 0.05048076923076923
0 0.1875 0.12620192307692307 0.016826923076923076 0.052884615384615384
0 0.21394230769230768 0.13942307692307693 0.03365384615384615 0.04447115384615385
0 0.17067307692307693 0.2127403846153846 0.015625 0.052884615384615384
0 0.10336538461538461 0.27884615384615385 0.030048076923076924 0.08052884615384616
0 0.06971153846153846 0.22115384615384615 0.02403846153846154 0.05889423076923077
0 0.06129807692307692 0.0829326923076923 0.016826923076923076 0.04447115384615385