0 0.06490384615384616 0.2247596153846154 0.02403846153846154 0.06129807692307692
0 0.06971153846153846 0.078125 0.030048076923076924 0.05048076923076923
0 0.1045673076923077 0.2824519230769231 0.03365384615384615 0.07451923076923077
0 0.16826923076923078 0.21153846153846154 0.019230769230769232 0.05048076923076923
0 0.1971153846153846 0.13581730769230768 0.028846153846153848 0.055288461538461536
0 0.21033653846153846 0.19591346153846154 0.028846153846153848 0.052884615384615384
0 0.21153846153846154 0.08413461538461539 0.019230769230769232 0.06370192307692307
0 0.2536057692307692 0.08774038461538461 0.019230769230769232 0.06370192307692307
0 0.2980769230769231 0.056490384615384616 0.021634615384615384 0.046875
0 0.4050480769230769 0.025240384615384616 0.03485576923076923 0.04447115384615385
0 0.5324519230769231 0.09254807692307693 0.030048076923076924 0.052884615384615384
0 0.5901442307692307 0.11538461538461539 0.026442307692307692 0.06370192307692307
0 0.6887019230769231 0.15504807692307693 0.04567307692307692 0.07211538461538461
0 0.7896634615384616 0.3161057692307692 0.03365384615384615 0.0829326923076923
0 0.5757211538461539 0.671875 0.09495192307692307 0.12740384615384615