0 0.8966346153846154 0.44711538461538464 0.03365384615384615 0.0829326923076923
0 0.5901442307692307 0.6959134615384616 0.04927884615384615 0.1466346153846154
0 0.734375 0.22355769230769232 0.04567307692307692 0.07451923076923077
0 0.6009615384615384 0.19110576923076922 0.028846153846153848 0.055288461538461536
0 0.5673076923076923 0.10336538461538461 0.039663461538461536 0.078125
0 0.5060096153846154 0.06610576923076923 0.030048076923076924 0.055288461538461536
0 0.38461538461538464 0.018028846153846152 0.020432692307692308 0.030048076923076924
0 0.29447115384615385 0.06490384615384616 0.025240384615384616 0.06971153846153846
0 0.25600961538461536 0.08653846153846154 0.025240384615384616 0.04447115384615385
0 0.21875 0.07932692307692307 0.021634615384615384 0.042067307692307696
0 0.21754807692307693 0.1346153846153846 0.025240384615384616 0.06971153846153846
0 0.2512019230769231 0.13341346153846154 0.030048076923076924 0.055288461538461536
0 0.056490384615384616 0.09014423076923077 0.021634615384615384 0.042067307692307696
0 0.07692307692307693 0.22956730769230768 0.021634615384615384 0.052884615384615384
0 0.10096153846153846 0.27524038461538464 0.03125 0.06610576923076923
0 0.1875 0.19591346153846154 0.03125 0.06370192307692307
0 0.16346153846153846 0.20673076923076922 0.015625 0.046875