0 0.109375 0.4170673076923077 0.05048076923076923 0.09495192307692307
0 0.042067307692307696 0.30288461538461536 0.039663461538461536 0.055288461538461536
0 0.07451923076923077 0.22596153846153846 0.03125 0.05889423076923077
0 0.16706730769230768 0.2127403846153846 0.021634615384615384 0.052884615384615384
0 0.17307692307692307 0.1502403846153846 0.030048076923076924 0.055288461538461536
0 0.203125 0.1935096153846154 0.036057692307692304 0.06971153846153846
0 0.2127403846153846 0.0829326923076923 0.021634615384615384 0.055288461538461536
0 0.2439903846153846 0.0889423076923077 0.025240384615384616 0.06129807692307692
0 0.28846153846153844 0.05889423076923077 0.019230769230769232 0.055288461538461536
0 0.5216346153846154 0.08653846153846154 0.026442307692307692 0.055288461538461536
0 0.5564903846153846 0.15865384615384615 0.03125 0.06610576923076923
0 0.5949519230769231 0.11057692307692307 0.03365384615384615 0.04447115384615385
0 0.6778846153846154 0.19831730769230768 0.021634615384615384 0.05889423076923077
0 0.7055288461538461 0.234375 0.04927884615384615 0.06971153846153846
0 0.5504807692307693 0.9411057692307693 0.12980769230769232 0.11658653846153846