0 0.5360576923076923 0.9495192307692307 0.12139423076923077 0.09975961538461539
0 0.09735576923076923 0.8112980769230769 0.04447115384615385 0.07211538461538461
0 0.040865384615384616 0.2956730769230769 0.03485576923076923 0.05889423076923077
0 0.078125 0.234375 0.020432692307692308 0.06370192307692307
0 0.16826923076923078 0.2127403846153846 0.026442307692307692 0.07451923076923077
0 0.171875 0.15144230769230768 0.03125 0.046875
0 0.21394230769230768 0.09014423076923077 0.019230769230769232 0.05889423076923077
0 0.24158653846153846 0.09495192307692307 0.020432692307692308 0.05048076923076923
0 0.28966346153846156 0.06009615384615385 0.019230769230769232 0.046875
0 0.5336538461538461 0.09975961538461539 0.028846153846153848 0.06129807692307692
0 0.5528846153846154 0.16346153846153846 0.026442307692307692 0.06129807692307692
0 0.5901442307692307 0.11298076923076923 0.026442307692307692 0.052884615384615384
0 0.6526442307692307 0.14423076923076922 0.028846153846153848 0.06610576923076923
0 0.6346153846153846 0.21153846153846154 0.025240384615384616 0.04447115384615385