0 0.5408653846153846 0.9495192307692307 0.13822115384615385 0.09975961538461539
0 0.07572115384615384 0.5817307692307693 0.037259615384615384 0.08052884615384616
0 0.04447115384615385 0.296875 0.039663461538461536 0.06129807692307692
0 0.07932692307692307 0.23317307692307693 0.026442307692307692 0.06610576923076923
0 0.16826923076923078 0.2091346153846154 0.037259615384615384 0.06971153846153846
0 0.17668269230769232 0.13581730769230768 0.028846153846153848 0.06129807692307692
0 0.2127403846153846 0.08413461538461539 0.021634615384615384 0.05889423076923077
0 0.24158653846153846 0.08774038461538461 0.020432692307692308 0.052884615384615384
0 0.2920673076923077 0.06009615384615385 0.026442307692307692 0.046875
0 0.5444711538461539 0.12620192307692307 0.030048076923076924 0.025240384615384616
0 0.5516826923076923 0.16105769230769232 0.021634615384615384 0.04447115384615385
0 0.5901442307692307 0.10817307692307693 0.025240384615384616 0.06129807692307692
0 0.6201923076923077 0.13341346153846154 0.026442307692307692 0.055288461538461536