0 0.9555288461538461 0.6610576923076923 0.04927884615384615 0.12259615384615384
0 0.5973557692307693 0.6610576923076923 0.125 0.13942307692307693
0 0.7764423076923077 0.3088942307692308 0.03365384615384615 0.078125
0 0.7079326923076923 0.20432692307692307 0.03365384615384615 0.09735576923076923
0 0.65625 0.12860576923076922 0.03125 0.052884615384615384
0 0.5865384615384616 0.17307692307692307 0.03485576923076923 0.06971153846153846
0 0.5348557692307693 0.06009615384615385 0.03485576923076923 0.06971153846153846
0 0.296875 0.06490384615384616 0.028846153846153848 0.05889423076923077
0 0.2608173076923077 0.0829326923076923 0.025240384615384616 0.038461538461538464
0 0.21634615384615385 0.08774038461538461 0.030048076923076924 0.052884615384615384
0 0.19110576923076922 0.1622596153846154 0.03485576923076923 0.05889423076923077
0 0.21394230769230768 0.18990384615384615 0.037259615384615384 0.07451923076923077
0 0.16826923076923078 0.20793269230769232 0.03125 0.055288461538461536
0 0.07572115384615384 0.21514423076923078 0.019230769230769232 0.046875
0 0.09975961538461539 0.2848557692307692 0.039663461538461536 0.06971153846153846