0 0.8221153846153846 0.7247596153846154 0.055288461538461536 0.15504807692307693
0 0.6382211538461539 0.453125 0.07692307692307693 0.10576923076923077
0 0.7007211538461539 0.2283653846153846 0.037259615384615384 0.10576923076923077
0 0.6045673076923077 0.109375 0.03365384615384615 0.05889423076923077
0 0.5649038461538461 0.16105769230769232 0.03125 0.06610576923076923
0 0.5348557692307693 0.08774038461538461 0.028846153846153848 0.06370192307692307
0 0.28966346153846156 0.06129807692307692 0.03125 0.05048076923076923
0 0.25721153846153844 0.09495192307692307 0.025240384615384616 0.055288461538461536
0 0.21754807692307693 0.08653846153846154 0.028846153846153848 0.06129807692307692
0 0.1935096153846154 0.13341346153846154 0.030048076923076924 0.05048076923076923
0 0.203125 0.19471153846153846 0.039663461538461536 0.06610576923076923
0 0.16706730769230768 0.20793269230769232 0.021634615384615384 0.06610576923076923
0 0.06850961538461539 0.2247596153846154 0.02403846153846154 0.04447115384615385
0 0.0673076923076923 0.2848557692307692 0.040865384615384616 0.08653846153846154