0 0.546875 0.9399038461538461 0.12139423076923077 0.11899038461538461
0 0.7019230769230769 0.2512019230769231 0.040865384615384616 0.05889423076923077
0 0.6778846153846154 0.203125 0.028846153846153848 0.05048076923076923
0 0.5997596153846154 0.10817307692307693 0.030048076923076924 0.03365384615384615
0 0.5600961538461539 0.16105769230769232 0.03125 0.05048076923076923
0 0.5168269230769231 0.09014423076923077 0.025240384615384616 0.052884615384615384
0 0.29447115384615385 0.06610576923076923 0.026442307692307692 0.05048076923076923
0 0.2439903846153846 0.09254807692307693 0.021634615384615384 0.042067307692307696
0 0.21394230769230768 0.08774038461538461 0.019230769230769232 0.052884615384615384
0 0.16346153846153846 0.16346153846153846 0.030048076923076924 0.055288461538461536
0 0.20552884615384615 0.18870192307692307 0.026442307692307692 0.07211538461538461
0 0.16346153846153846 0.21754807692307693 0.014423076923076924 0.042067307692307696
0 0.06971153846153846 0.22115384615384615 0.02403846153846154 0.052884615384615384
0 0.037259615384615384 0.29086538461538464 0.03365384615384615 0.052884615384615384
0 0.11778846153846154 0.40384615384615385 0.04927884615384615 0.08653846153846154