0 0.33653846153846156 0.21995192307692307 0.055288461538461536 0.0889423076923077
0 0.28966346153846156 0.054086538461538464 0.028846153846153848 0.05889423076923077
0 0.24519230769230768 0.0985576923076923 0.02403846153846154 0.052884615384615384
0 0.21875 0.08774038461538461 0.026442307692307692 0.06370192307692307
0 0.23317307692307693 0.18509615384615385 0.03485576923076923 0.052884615384615384
0 0.1622596153846154 0.17548076923076922 0.028846153846153848 0.06610576923076923
0 0.08533653846153846 0.22355769230769232 0.025240384615384616 0.052884615384615384
0 0.057692307692307696 0.2860576923076923 0.042067307692307696 0.06129807692307692
0 0.5396634615384616 0.08173076923076923 0.030048076923076924 0.046875
0 0.5504807692307693 0.15144230769230768 0.028846153846153848 0.046875
0 0.5901442307692307 0.10697115384615384 0.028846153846153848 0.05889423076923077
0 0.6225961538461539 0.14423076923076922 0.040865384615384616 0.07211538461538461
0 0.6610576923076923 0.19110576923076922 0.028846153846153848 0.06610576923076923