0 0.0733173076923077 0.21754807692307693 0.026442307692307692 0.046875
0 0.078125 0.2776442307692308 0.039663461538461536 0.07211538461538461
0 0.1658653846153846 0.203125 0.019230769230769232 0.04447115384615385
0 0.18389423076923078 0.13341346153846154 0.036057692307692304 0.055288461538461536
0 0.2091346153846154 0.19471153846153846 0.04567307692307692 0.07211538461538461
0 0.2127403846153846 0.09254807692307693 0.026442307692307692 0.09134615384615384
0 0.2536057692307692 0.0889423076923077 0.02403846153846154 0.06129807692307692
0 0.28846153846153844 0.0625 0.021634615384615384 0.06370192307692307
0 0.5396634615384616 0.08774038461538461 0.028846153846153848 0.052884615384615384
0 0.5649038461538461 0.15865384615384615 0.025240384615384616 0.055288461538461536
0 0.6081730769230769 0.109375 0.03365384615384615 0.06370192307692307
0 0.7007211538461539 0.21754807692307693 0.040865384615384616 0.10336538461538461
0 0.6370192307692307 0.48197115384615385 0.09975961538461539 0.1310096153846154
0 0.8882211538461539 0.7151442307692307 0.06610576923076923 0.15865384615384615
0 0.9639423076923077 0.5997596153846154 0.04567307692307692 0.13942307692307693