0 0.8461538461538461 0.6790865384615384 0.06490384615384616 0.1141826923076923
0 0.7512019230769231 0.7175480769230769 0.07091346153846154 0.15264423076923078
0 0.7331730769230769 0.4483173076923077 0.05889423076923077 0.08653846153846154
0 0.6622596153846154 0.44711538461538464 0.055288461538461536 0.078125
0 0.7283653846153846 0.2283653846153846 0.04927884615384615 0.078125
0 0.5120192307692307 0.051682692307692304 0.05889423076923077 0.06370192307692307
0 0.36177884615384615 0.14543269230769232 0.046875 0.06971153846153846
0 0.31490384615384615 0.11538461538461539 0.037259615384615384 0.06971153846153846
0 0.3076923076923077 0.038461538461538464 0.028846153846153848 0.07211538461538461
0 0.2692307692307692 0.08413461538461539 0.03125 0.052884615384615384
0 0.234375 0.021634615384615384 0.030048076923076924 0.038461538461538464
0 0.23557692307692307 0.08052884615384616 0.03485576923076923 0.06129807692307692
0 0.19230769230769232 0.17548076923076922 0.040865384615384616 0.078125
0 0.0889423076923077 0.12620192307692307 0.04927884615384615 0.08653846153846154
0 0.08653846153846154 0.22596153846153846 0.036057692307692304 0.07451923076923077
0 0.03125 0.31490384615384615 0.040865384615384616 0.06971153846153846