0 0.8846153846153846 0.46153846153846156 0.039663461538461536 0.09975961538461539
0 0.7331730769230769 0.23557692307692307 0.03125 0.0889423076923077
0 0.6658653846153846 0.2668269230769231 0.040865384615384616 0.06610576923076923
0 0.6610576923076923 0.171875 0.040865384615384616 0.06610576923076923
0 0.6045673076923077 0.6778846153846154 0.07211538461538461 0.1778846153846154
0 0.5012019230769231 0.055288461538461536 0.030048076923076924 0.055288461538461536
0 0.39302884615384615 0.019230769230769232 0.026442307692307692 0.03365384615384615
0 0.3016826923076923 0.05048076923076923 0.025240384615384616 0.038461538461538464
0 0.25600961538461536 0.08052884615384616 0.02403846153846154 0.038461538461538464
0 0.27524038461538464 0.125 0.026442307692307692 0.06129807692307692
0 0.22596153846153846 0.12740384615384615 0.036057692307692304 0.06610576923076923
0 0.21394230769230768 0.0733173076923077 0.036057692307692304 0.046875
0 0.2127403846153846 0.18870192307692307 0.03125 0.078125
0 0.17307692307692307 0.21394230769230768 0.026442307692307692 0.07211538461538461
0 0.055288461538461536 0.09134615384615384 0.028846153846153848 0.055288461538461536
0 0.06971153846153846 0.2247596153846154 0.028846153846153848 0.05048076923076923
0 0.078125 0.2824519230769231 0.036057692307692304 0.07451923076923077