0 0.6586538461538461 0.18509615384615385 0.026442307692307692 0.06370192307692307
0 0.6153846153846154 0.12860576923076922 0.026442307692307692 0.05889423076923077
0 0.5913461538461539 0.10576923076923077 0.028846153846153848 0.055288461538461536
0 0.546875 0.1622596153846154 0.021634615384615384 0.05889423076923077
0 0.5024038461538461 0.08774038461538461 0.030048076923076924 0.06370192307692307
0 0.33653846153846156 0.14903846153846154 0.04447115384615385 0.06971153846153846
0 0.21514423076923078 0.18870192307692307 0.03365384615384615 0.06610576923076923
0 0.17067307692307693 0.1622596153846154 0.037259615384615384 0.06971153846153846
0 0.08774038461538461 0.22956730769230768 0.026442307692307692 0.052884615384615384
0 0.06850961538461539 0.27884615384615385 0.026442307692307692 0.07451923076923077
0 0.20793269230769232 0.09495192307692307 0.026442307692307692 0.06610576923076923
0 0.24639423076923078 0.09615384615384616 0.021634615384615384 0.052884615384615384
0 0.28725961538461536 0.056490384615384616 0.021634615384615384 0.05889423076923077