0 0.8689903846153846 0.6790865384615384 0.046875 0.15264423076923078
0 0.6706730769230769 0.6033653846153846 0.09735576923076923 0.13341346153846154
0 0.8377403846153846 0.4254807692307692 0.054086538461538464 0.11658653846153846
0 0.7584134615384616 0.27163461538461536 0.042067307692307696 0.06610576923076923
0 0.6850961538461539 0.15865384615384615 0.036057692307692304 0.078125
0 0.6262019230769231 0.11658653846153846 0.03485576923076923 0.06610576923076923
0 0.5769230769230769 0.17548076923076922 0.028846153846153848 0.06129807692307692
0 0.5360576923076923 0.09014423076923077 0.03365384615384615 0.05889423076923077
0 0.29086538461538464 0.056490384615384616 0.026442307692307692 0.052884615384615384
0 0.25721153846153844 0.08774038461538461 0.025240384615384616 0.042067307692307696
0 0.21394230769230768 0.09014423076923077 0.030048076923076924 0.05889423076923077
0 0.18629807692307693 0.1346153846153846 0.04447115384615385 0.06370192307692307
0 0.2127403846153846 0.1935096153846154 0.03485576923076923 0.06971153846153846
0 0.1658653846153846 0.20793269230769232 0.02403846153846154 0.055288461538461536
0 0.07211538461538461 0.21514423076923078 0.028846153846153848 0.052884615384615384
0 0.10576923076923077 0.2824519230769231 0.028846153846153848 0.06971153846153846