0 0.6610576923076923 0.17668269230769232 0.04447115384615385 0.07451923076923077
0 0.6346153846153846 0.22235576923076922 0.026442307692307692 0.04447115384615385
0 0.5973557692307693 0.11298076923076923 0.028846153846153848 0.052884615384615384
0 0.5564903846153846 0.16346153846153846 0.036057692307692304 0.06129807692307692
0 0.5360576923076923 0.08774038461538461 0.030048076923076924 0.052884615384615384
0 0.5288461538461539 0.9375 0.13701923076923078 0.125
0 0.09254807692307693 0.7788461538461539 0.05048076923076923 0.08653846153846154
0 0.054086538461538464 0.2932692307692308 0.037259615384615384 0.06370192307692307
0 0.07932692307692307 0.22355769230769232 0.030048076923076924 0.052884615384615384
0 0.16826923076923078 0.21514423076923078 0.028846153846153848 0.06971153846153846
0 0.17548076923076922 0.15384615384615385 0.03485576923076923 0.06370192307692307
0 0.21634615384615385 0.08774038461538461 0.02403846153846154 0.06370192307692307
0 0.2439903846153846 0.09615384615384616 0.020432692307692308 0.07451923076923077
0 0.28966346153846156 0.054086538461538464 0.016826923076923076 0.042067307692307696