0 0.8870192307692307 0.8569711538461539 0.06129807692307692 0.1141826923076923
0 0.8317307692307693 0.6141826923076923 0.0625 0.13341346153846154
0 0.6021634615384616 0.6454326923076923 0.08052884615384616 0.13581730769230768
0 0.6153846153846154 0.5384615384615384 0.06971153846153846 0.10576923076923077
0 0.7235576923076923 0.3137019230769231 0.05048076923076923 0.09975961538461539
0 0.5084134615384616 0.06009615384615385 0.04567307692307692 0.06971153846153846
0 0.2620192307692308 0.051682692307692304 0.028846153846153848 0.052884615384615384
0 0.2283653846153846 0.06129807692307692 0.028846153846153848 0.055288461538461536
0 0.21754807692307693 0.10576923076923077 0.03485576923076923 0.05048076923076923
0 0.1778846153846154 0.1141826923076923 0.036057692307692304 0.06610576923076923
0 0.15504807692307693 0.1310096153846154 0.019230769230769232 0.05048076923076923
0 0.20432692307692307 0.18870192307692307 0.042067307692307696 0.078125
0 0.07572115384615384 0.22956730769230768 0.04447115384615385 0.06370192307692307
0 0.04567307692307692 0.3269230769230769 0.040865384615384616 0.052884615384615384