0 0.9627403846153846 0.640625 0.0673076923076923 0.1310096153846154
0 0.7896634615384616 0.6670673076923077 0.07572115384615384 0.12740384615384615
0 0.6478365384615384 0.5829326923076923 0.051682692307692304 0.11057692307692307
0 0.7055288461538461 0.36538461538461536 0.06009615384615385 0.09735576923076923
0 0.5132211538461539 0.06129807692307692 0.04567307692307692 0.078125
0 0.27884615384615385 0.05048076923076923 0.03485576923076923 0.05048076923076923
0 0.20432692307692307 0.19951923076923078 0.04567307692307692 0.078125
0 0.24158653846153846 0.1466346153846154 0.028846153846153848 0.04447115384615385
0 0.20793269230769232 0.13341346153846154 0.03125 0.05048076923076923
0 0.1778846153846154 0.12620192307692307 0.030048076923076924 0.052884615384615384
0 0.18629807692307693 0.08653846153846154 0.037259615384615384 0.038461538461538464
0 0.1201923076923077 0.15745192307692307 0.028846153846153848 0.052884615384615384
0 0.06610576923076923 0.2764423076923077 0.040865384615384616 0.07451923076923077
0 0.052884615384615384 0.35697115384615385 0.039663461538461536 0.052884615384615384