0 0.06850961538461539 0.28846153846153844 0.042067307692307696 0.0829326923076923
0 0.09014423076923077 0.22596153846153846 0.03125 0.05889423076923077
0 0.15985576923076922 0.171875 0.030048076923076924 0.06610576923076923
0 0.23317307692307693 0.18990384615384615 0.036057692307692304 0.07451923076923077
0 0.3425480769230769 0.19831730769230768 0.040865384615384616 0.07451923076923077
0 0.28966346153846156 0.06009615384615385 0.016826923076923076 0.052884615384615384
0 0.24639423076923078 0.09495192307692307 0.015625 0.055288461538461536
0 0.2127403846153846 0.08413461538461539 0.020432692307692308 0.05889423076923077
0 0.5264423076923077 0.078125 0.02403846153846154 0.05048076923076923
0 0.5492788461538461 0.1622596153846154 0.03125 0.05889423076923077
0 0.5889423076923077 0.10336538461538461 0.030048076923076924 0.055288461538461536
0 0.6153846153846154 0.13701923076923078 0.028846153846153848 0.05889423076923077
0 0.6574519230769231 0.19110576923076922 0.025240384615384616 0.06129807692307692