0 0.036057692307692304 0.3016826923076923 0.03485576923076923 0.06971153846153846
0 0.09615384615384616 0.42908653846153844 0.046875 0.1141826923076923
0 0.07692307692307693 0.2247596153846154 0.025240384615384616 0.06610576923076923
0 0.16346153846153846 0.20793269230769232 0.014423076923076924 0.055288461538461536
0 0.18028846153846154 0.20673076923076922 0.03125 0.08653846153846154
0 0.18509615384615385 0.1346153846153846 0.03365384615384615 0.05889423076923077
0 0.21634615384615385 0.08653846153846154 0.021634615384615384 0.06129807692307692
0 0.24519230769230768 0.09014423076923077 0.020432692307692308 0.046875
0 0.28725961538461536 0.0625 0.020432692307692308 0.05889423076923077
0 0.5360576923076923 0.09134615384615384 0.028846153846153848 0.05048076923076923
0 0.5540865384615384 0.1658653846153846 0.028846153846153848 0.06370192307692307
0 0.5949519230769231 0.11778846153846154 0.03125 0.05889423076923077
0 0.6658653846153846 0.1935096153846154 0.030048076923076924 0.06370192307692307
0 0.71875 0.2283653846153846 0.04567307692307692 0.078125
0 0.5384615384615384 0.9387019230769231 0.1346153846153846 0.12259615384615384