0 0.5564903846153846 0.9459134615384616 0.125 0.10817307692307693
0 0.6286057692307693 0.125 0.030048076923076924 0.06129807692307692
0 0.6622596153846154 0.1814903846153846 0.028846153846153848 0.06971153846153846
0 0.5925480769230769 0.09495192307692307 0.03365384615384615 0.055288461538461536
0 0.5528846153846154 0.16346153846153846 0.03365384615384615 0.07211538461538461
0 0.5240384615384616 0.0829326923076923 0.037259615384615384 0.078125
0 0.2860576923076923 0.05889423076923077 0.026442307692307692 0.055288461538461536
0 0.24158653846153846 0.09254807692307693 0.036057692307692304 0.052884615384615384
0 0.21394230769230768 0.09254807692307693 0.02403846153846154 0.06370192307692307
0 0.2283653846153846 0.1814903846153846 0.03125 0.07451923076923077
0 0.22596153846153846 0.3713942307692308 0.04927884615384615 0.125
0 0.05889423076923077 0.2932692307692308 0.037259615384615384 0.06370192307692307
0 0.0733173076923077 0.23317307692307693 0.02403846153846154 0.06610576923076923
0 0.16826923076923078 0.15384615384615385 0.028846153846153848 0.052884615384615384
0 0.16466346153846154 0.20192307692307693 0.026442307692307692 0.046875