0 0.5456730769230769 0.9507211538461539 0.125 0.0985576923076923
0 0.12139423076923077 0.43509615384615385 0.040865384615384616 0.08052884615384616
0 0.051682692307692304 0.2932692307692308 0.028846153846153848 0.06971153846153846
0 0.08173076923076923 0.23076923076923078 0.030048076923076924 0.06129807692307692
0 0.16706730769230768 0.2091346153846154 0.03125 0.06370192307692307
0 0.18269230769230768 0.140625 0.03125 0.06370192307692307
0 0.21394230769230768 0.09495192307692307 0.020432692307692308 0.06129807692307692
0 0.23918269230769232 0.08653846153846154 0.014423076923076924 0.03365384615384615
0 0.2860576923076923 0.05889423076923077 0.020432692307692308 0.04447115384615385
0 0.5444711538461539 0.11899038461538461 0.025240384615384616 0.03365384615384615
0 0.5564903846153846 0.16105769230769232 0.019230769230769232 0.04447115384615385
0 0.5925480769230769 0.11658653846153846 0.021634615384615384 0.05048076923076923
0 0.6225961538461539 0.12860576923076922 0.025240384615384616 0.052884615384615384
0 0.6634615384615384 0.18509615384615385 0.021634615384615384 0.052884615384615384