0 0.06490384615384616 0.11778846153846154 0.021634615384615384 0.042067307692307696
0 0.07091346153846154 0.22235576923076922 0.021634615384615384 0.055288461538461536
0 0.056490384615384616 0.28725961538461536 0.03125 0.06971153846153846
0 0.17668269230769232 0.21153846153846154 0.021634615384615384 0.06129807692307692
0 0.2127403846153846 0.08173076923076923 0.019230769230769232 0.052884615384615384
0 0.2247596153846154 0.19591346153846154 0.036057692307692304 0.06971153846153846
0 0.2608173076923077 0.07932692307692307 0.02403846153846154 0.05889423076923077
0 0.29447115384615385 0.055288461538461536 0.019230769230769232 0.04447115384615385
0 0.3088942307692308 0.018028846153846152 0.040865384615384616 0.030048076923076924
0 0.3173076923076923 0.10817307692307693 0.025240384615384616 0.055288461538461536
0 0.3401442307692308 0.12860576923076922 0.03365384615384615 0.06370192307692307
0 0.5072115384615384 0.054086538461538464 0.026442307692307692 0.07451923076923077
0 0.7283653846153846 0.2247596153846154 0.037259615384615384 0.07211538461538461
0 0.78125 0.375 0.03485576923076923 0.07211538461538461
0 0.8269230769230769 0.3016826923076923 0.04567307692307692 0.06370192307692307
0 0.8365384615384616 0.5865384615384616 0.05889423076923077 0.09495192307692307
0 0.6177884615384616 0.671875 0.07572115384615384 0.16706730769230768