0 0.8701923076923077 0.8221153846153846 0.04447115384615385 0.12259615384615384
0 0.7764423076923077 0.6430288461538461 0.0673076923076923 0.1466346153846154
0 0.6298076923076923 0.5180288461538461 0.05889423076923077 0.08052884615384616
0 0.6045673076923077 0.5600961538461539 0.055288461538461536 0.11899038461538461
0 0.7307692307692307 0.25841346153846156 0.03485576923076923 0.07211538461538461
0 0.5108173076923077 0.052884615384615384 0.039663461538461536 0.06610576923076923
0 0.2776442307692308 0.06009615384615385 0.025240384615384616 0.046875
0 0.24879807692307693 0.056490384615384616 0.021634615384615384 0.046875
0 0.22115384615384615 0.1310096153846154 0.028846153846153848 0.05048076923076923
0 0.23677884615384615 0.09134615384615384 0.021634615384615384 0.038461538461538464
0 0.18269230769230768 0.1310096153846154 0.03365384615384615 0.06610576923076923
0 0.14543269230769232 0.12620192307692307 0.030048076923076924 0.052884615384615384
0 0.19951923076923078 0.19951923076923078 0.042067307692307696 0.078125
0 0.06971153846153846 0.24158653846153846 0.026442307692307692 0.055288461538461536
0 0.037259615384615384 0.31971153846153844 0.040865384615384616 0.06610576923076923