0 0.8497596153846154 0.6730769230769231 0.0673076923076923 0.10817307692307693
0 0.9879807692307693 0.6995192307692307 0.02403846153846154 0.11057692307692307
0 0.6935096153846154 0.6129807692307693 0.06009615384615385 0.10817307692307693
0 0.7247596153846154 0.359375 0.04927884615384615 0.10336538461538461
0 0.4987980769230769 0.06129807692307692 0.037259615384615384 0.06129807692307692
0 0.2776442307692308 0.05048076923076923 0.037259615384615384 0.05048076923076923
0 0.21153846153846154 0.12860576923076922 0.028846153846153848 0.052884615384615384
0 0.20432692307692307 0.1935096153846154 0.04927884615384615 0.08052884615384616
0 0.18269230769230768 0.12620192307692307 0.026442307692307692 0.052884615384615384
0 0.16706730769230768 0.10576923076923077 0.028846153846153848 0.04447115384615385
0 0.09254807692307693 0.171875 0.037259615384615384 0.06129807692307692
0 0.0673076923076923 0.27403846153846156 0.03365384615384615 0.06370192307692307
0 0.056490384615384616 0.35336538461538464 0.051682692307692304 0.05048076923076923