0 0.5817307692307693 0.7139423076923077 0.05889423076923077 0.14423076923076922
0 0.8581730769230769 0.4266826923076923 0.03485576923076923 0.09735576923076923
0 0.7548076923076923 0.23317307692307693 0.036057692307692304 0.0829326923076923
0 0.6129807692307693 0.18629807692307693 0.040865384615384616 0.078125
0 0.5576923076923077 0.09615384615384616 0.036057692307692304 0.07451923076923077
0 0.4987980769230769 0.06971153846153846 0.036057692307692304 0.06129807692307692
0 0.39302884615384615 0.021634615384615384 0.03125 0.038461538461538464
0 0.296875 0.0625 0.03125 0.052884615384615384
0 0.24879807692307693 0.08653846153846154 0.028846153846153848 0.05048076923076923
0 0.21875 0.08173076923076923 0.025240384615384616 0.052884615384615384
0 0.23557692307692307 0.1346153846153846 0.028846153846153848 0.052884615384615384
0 0.1971153846153846 0.12620192307692307 0.025240384615384616 0.06370192307692307
0 0.20072115384615385 0.20673076923076922 0.03485576923076923 0.06370192307692307
0 0.16826923076923078 0.21394230769230768 0.025240384615384616 0.06610576923076923
0 0.056490384615384616 0.09615384615384616 0.014423076923076924 0.052884615384615384
0 0.07451923076923077 0.23076923076923078 0.03125 0.0829326923076923
0 0.10336538461538461 0.2692307692307692 0.030048076923076924 0.09975961538461539