0 0.9795673076923077 0.671875 0.040865384615384616 0.13341346153846154
0 0.8233173076923077 0.671875 0.06610576923076923 0.11658653846153846
0 0.6670673076923077 0.609375 0.0625 0.1141826923076923
0 0.7139423076923077 0.3641826923076923 0.051682692307692304 0.11658653846153846
0 0.5096153846153846 0.06129807692307692 0.03485576923076923 0.055288461538461536
0 0.27884615384615385 0.051682692307692304 0.03125 0.05889423076923077
0 0.2439903846153846 0.14543269230769232 0.026442307692307692 0.052884615384615384
0 0.20432692307692307 0.18870192307692307 0.042067307692307696 0.06610576923076923
0 0.20793269230769232 0.12620192307692307 0.03485576923076923 0.052884615384615384
0 0.17427884615384615 0.12740384615384615 0.03365384615384615 0.06129807692307692
0 0.17548076923076922 0.09735576923076923 0.03365384615384615 0.05048076923076923
0 0.10817307692307693 0.16706730769230768 0.03365384615384615 0.06129807692307692
0 0.055288461538461536 0.3545673076923077 0.03125 0.046875
0 0.06490384615384616 0.2776442307692308 0.046875 0.07211538461538461