0 0.9194711538461539 0.8677884615384616 0.037259615384615384 0.09735576923076923
0 0.8882211538461539 0.6189903846153846 0.06009615384615385 0.11057692307692307
0 0.6983173076923077 0.328125 0.055288461538461536 0.09495192307692307
0 0.6033653846153846 0.5456730769230769 0.06129807692307692 0.08653846153846154
0 0.6430288461538461 0.640625 0.06971153846153846 0.1310096153846154
0 0.5084134615384616 0.055288461538461536 0.037259615384615384 0.07211538461538461
0 0.2620192307692308 0.051682692307692304 0.028846153846153848 0.05889423076923077
0 0.21875 0.1310096153846154 0.025240384615384616 0.04447115384615385
0 0.22115384615384615 0.06490384615384616 0.03125 0.052884615384615384
0 0.18269230769230768 0.125 0.021634615384615384 0.04447115384615385
0 0.20072115384615385 0.18990384615384615 0.03125 0.07451923076923077
0 0.15865384615384615 0.12860576923076922 0.02403846153846154 0.052884615384615384
0 0.06610576923076923 0.2512019230769231 0.037259615384615384 0.06370192307692307
0 0.052884615384615384 0.3485576923076923 0.030048076923076924 0.052884615384615384