0 0.06490384615384616 0.07211538461538461 0.030048076923076924 0.04447115384615385
0 0.06971153846153846 0.22956730769230768 0.02403846153846154 0.06971153846153846
0 0.09735576923076923 0.29447115384615385 0.03125 0.0889423076923077
0 0.1658653846153846 0.21634615384615385 0.021634615384615384 0.05048076923076923
0 0.20552884615384615 0.19951923076923078 0.037259615384615384 0.078125
0 0.21153846153846154 0.09014423076923077 0.021634615384615384 0.06370192307692307
0 0.2536057692307692 0.08173076923076923 0.019230769230769232 0.06370192307692307
0 0.29927884615384615 0.06610576923076923 0.025240384615384616 0.05048076923076923
0 0.43509615384615385 0.03365384615384615 0.028846153846153848 0.055288461538461536
0 0.5336538461538461 0.09014423076923077 0.03125 0.06971153846153846
0 0.6153846153846154 0.13221153846153846 0.03485576923076923 0.08653846153846154
0 0.6682692307692307 0.13942307692307693 0.026442307692307692 0.06129807692307692
0 0.7668269230769231 0.3088942307692308 0.039663461538461536 0.0889423076923077
0 0.5769230769230769 0.6622596153846154 0.11298076923076923 0.17548076923076922