0 0.5721153846153846 0.6682692307692307 0.10096153846153846 0.1466346153846154
0 0.7668269230769231 0.3112980769230769 0.036057692307692304 0.0889423076923077
0 0.6646634615384616 0.13701923076923078 0.036057692307692304 0.05889423076923077
0 0.6141826923076923 0.1310096153846154 0.036057692307692304 0.0889423076923077
0 0.5360576923076923 0.09735576923076923 0.040865384615384616 0.07211538461538461
0 0.42788461538461536 0.028846153846153848 0.028846153846153848 0.052884615384615384
0 0.29927884615384615 0.05889423076923077 0.028846153846153848 0.055288461538461536
0 0.25721153846153844 0.09134615384615384 0.03125 0.05048076923076923
0 0.21394230769230768 0.08774038461538461 0.025240384615384616 0.06370192307692307
0 0.21033653846153846 0.19591346153846154 0.03125 0.08653846153846154
0 0.16706730769230768 0.21153846153846154 0.021634615384615384 0.055288461538461536
0 0.07451923076923077 0.23317307692307693 0.025240384615384616 0.06610576923076923
0 0.10216346153846154 0.29086538461538464 0.036057692307692304 0.07451923076923077
0 0.06971153846153846 0.06490384615384616 0.03125 0.030048076923076924