0 0.2439903846153846 0.09254807692307693 0.025240384615384616 0.046875
0 0.29447115384615385 0.06129807692307692 0.02403846153846154 0.05048076923076923
0 0.21394230769230768 0.0889423076923077 0.021634615384615384 0.05048076923076923
0 0.1658653846153846 0.15985576923076922 0.03365384615384615 0.06971153846153846
0 0.20552884615384615 0.19471153846153846 0.03365384615384615 0.06610576923076923
0 0.06850961538461539 0.22115384615384615 0.02403846153846154 0.052884615384615384
0 0.04447115384615385 0.27884615384615385 0.02403846153846154 0.052884615384615384
0 0.140625 0.4050480769230769 0.046875 0.10576923076923077
0 0.5408653846153846 0.9290865384615384 0.13221153846153846 0.14182692307692307
0 0.7127403846153846 0.2764423076923077 0.04567307692307692 0.08052884615384616
0 0.6778846153846154 0.20552884615384615 0.03125 0.05048076923076923
0 0.5997596153846154 0.11057692307692307 0.030048076923076924 0.04447115384615385
0 0.5576923076923077 0.15985576923076922 0.026442307692307692 0.052884615384615384
0 0.5168269230769231 0.0889423076923077 0.025240384615384616 0.055288461538461536
0 0.1622596153846154 0.21394230769230768 0.015625 0.03365384615384615