0 0.625 0.8870192307692307 0.11177884615384616 0.18028846153846154
0 0.6706730769230769 0.3545673076923077 0.06009615384615385 0.1141826923076923
0 0.6742788461538461 0.19951923076923078 0.03365384615384615 0.07211538461538461
0 0.6141826923076923 0.10697115384615384 0.042067307692307696 0.052884615384615384
0 0.5685096153846154 0.1658653846153846 0.030048076923076924 0.06370192307692307
0 0.5168269230769231 0.09014423076923077 0.03125 0.052884615384615384
0 0.49158653846153844 0.2860576923076923 0.05048076923076923 0.11057692307692307
0 0.29447115384615385 0.06009615384615385 0.036057692307692304 0.06370192307692307
0 0.24639423076923078 0.10576923076923077 0.021634615384615384 0.055288461538461536
0 0.2127403846153846 0.09254807692307693 0.028846153846153848 0.05889423076923077
0 0.18269230769230768 0.13221153846153846 0.026442307692307692 0.046875
0 0.20432692307692307 0.19591346153846154 0.051682692307692304 0.08052884615384616
0 0.16826923076923078 0.2127403846153846 0.03125 0.05889423076923077
0 0.07451923076923077 0.23798076923076922 0.03125 0.05889423076923077
0 0.039663461538461536 0.2800480769230769 0.030048076923076924 0.07211538461538461