0 0.05889423076923077 0.28365384615384615 0.028846153846153848 0.07211538461538461
0 0.07091346153846154 0.23557692307692307 0.021634615384615384 0.05048076923076923
0 0.16346153846153846 0.20432692307692307 0.015625 0.06971153846153846
0 0.19230769230769232 0.1971153846153846 0.028846153846153848 0.0889423076923077
0 0.19591346153846154 0.1310096153846154 0.03125 0.055288461538461536
0 0.21634615384615385 0.0829326923076923 0.030048076923076924 0.05048076923076923
0 0.24879807692307693 0.0985576923076923 0.020432692307692308 0.05889423076923077
0 0.28966346153846156 0.0625 0.021634615384615384 0.06370192307692307
0 0.5264423076923077 0.08774038461538461 0.021634615384615384 0.052884615384615384
0 0.5625 0.15985576923076922 0.028846153846153848 0.046875
0 0.6069711538461539 0.11298076923076923 0.028846153846153848 0.06370192307692307
0 0.7007211538461539 0.234375 0.03485576923076923 0.09134615384615384
0 0.6574519230769231 0.4266826923076923 0.06009615384615385 0.1310096153846154
0 0.7764423076923077 0.7560096153846154 0.06129807692307692 0.15504807692307693