0 0.65625 0.18870192307692307 0.021634615384615384 0.05048076923076923
0 0.6177884615384616 0.125 0.036057692307692304 0.05048076923076923
0 0.5877403846153846 0.09975961538461539 0.039663461538461536 0.06610576923076923
0 0.5516826923076923 0.15504807692307693 0.03485576923076923 0.06129807692307692
0 0.5012019230769231 0.0889423076923077 0.03485576923076923 0.055288461538461536
0 0.33653846153846156 0.13581730769230768 0.046875 0.06610576923076923
0 0.28966346153846156 0.06009615384615385 0.025240384615384616 0.046875
0 0.24519230769230768 0.09134615384615384 0.026442307692307692 0.05048076923076923
0 0.20432692307692307 0.09254807692307693 0.039663461538461536 0.06370192307692307
0 0.17067307692307693 0.15504807692307693 0.039663461538461536 0.055288461538461536
0 0.20793269230769232 0.18629807692307693 0.039663461538461536 0.055288461538461536
0 0.16826923076923078 0.2127403846153846 0.028846153846153848 0.05889423076923077
0 0.08413461538461539 0.22355769230769232 0.026442307692307692 0.046875
0 0.06370192307692307 0.28365384615384615 0.03365384615384615 0.06129807692307692