0 0.11298076923076923 0.4170673076923077 0.042067307692307696 0.09975961538461539
0 0.06129807692307692 0.2920673076923077 0.03365384615384615 0.06610576923076923
0 0.07932692307692307 0.22596153846153846 0.028846153846153848 0.05889423076923077
0 0.17908653846153846 0.203125 0.02403846153846154 0.0829326923076923
0 0.18509615384615385 0.13581730769230768 0.026442307692307692 0.06129807692307692
0 0.21394230769230768 0.0985576923076923 0.020432692307692308 0.06971153846153846
0 0.2403846153846154 0.09735576923076923 0.020432692307692308 0.07211538461538461
0 0.2860576923076923 0.06370192307692307 0.02403846153846154 0.05048076923076923
0 0.5408653846153846 0.11899038461538461 0.03125 0.03365384615384615
0 0.5540865384615384 0.15745192307692307 0.025240384615384616 0.046875
0 0.5877403846153846 0.10096153846153846 0.030048076923076924 0.052884615384615384
0 0.6382211538461539 0.13701923076923078 0.03125 0.06370192307692307
0 0.5348557692307693 0.9519230769230769 0.14182692307692307 0.09615384615384616
0 0.1622596153846154 0.203125 0.008413461538461538 0.05048076923076923