0 0.10216346153846154 0.47115384615384615 0.039663461538461536 0.08653846153846154
0 0.04447115384615385 0.2932692307692308 0.03125 0.06971153846153846
0 0.078125 0.23798076923076922 0.016826923076923076 0.06971153846153846
0 0.1658653846153846 0.21153846153846154 0.037259615384615384 0.06129807692307692
0 0.18028846153846154 0.140625 0.026442307692307692 0.06971153846153846
0 0.21394230769230768 0.0889423076923077 0.02403846153846154 0.06129807692307692
0 0.23918269230769232 0.08774038461538461 0.015625 0.052884615384615384
0 0.28966346153846156 0.06009615384615385 0.021634615384615384 0.052884615384615384
0 0.5396634615384616 0.12740384615384615 0.030048076923076924 0.038461538461538464
0 0.5564903846153846 0.16826923076923078 0.019230769230769232 0.052884615384615384
0 0.5865384615384616 0.109375 0.03365384615384615 0.052884615384615384
0 0.6153846153846154 0.13942307692307693 0.026442307692307692 0.07211538461538461
0 0.6586538461538461 0.17668269230769232 0.016826923076923076 0.042067307692307696
0 0.5552884615384616 0.9495192307692307 0.11658653846153846 0.09975961538461539