0 0.5504807692307693 0.9447115384615384 0.11057692307692307 0.11057692307692307
0 0.10216346153846154 0.4182692307692308 0.05048076923076923 0.09735576923076923
0 0.038461538461538464 0.30288461538461536 0.036057692307692304 0.06610576923076923
0 0.07211538461538461 0.22355769230769232 0.026442307692307692 0.05889423076923077
0 0.1658653846153846 0.21153846153846154 0.019230769230769232 0.055288461538461536
0 0.17548076923076922 0.1502403846153846 0.030048076923076924 0.06129807692307692
0 0.20072115384615385 0.19831730769230768 0.036057692307692304 0.07451923076923077
0 0.21394230769230768 0.08413461538461539 0.020432692307692308 0.046875
0 0.2439903846153846 0.09254807692307693 0.019230769230769232 0.052884615384615384
0 0.28846153846153844 0.05889423076923077 0.021634615384615384 0.055288461538461536
0 0.5216346153846154 0.08173076923076923 0.03125 0.052884615384615384
0 0.5564903846153846 0.15865384615384615 0.028846153846153848 0.06129807692307692
0 0.5973557692307693 0.11658653846153846 0.036057692307692304 0.055288461538461536
0 0.6742788461538461 0.19951923076923078 0.026442307692307692 0.055288461538461536
0 0.7055288461538461 0.23197115384615385 0.046875 0.07451923076923077