0 0.7632211538461539 0.7884615384615384 0.07572115384615384 0.16105769230769232
0 0.6706730769230769 0.421875 0.05048076923076923 0.12740384615384615
0 0.6911057692307693 0.23918269230769232 0.037259615384615384 0.0889423076923077
0 0.6045673076923077 0.11298076923076923 0.03365384615384615 0.06370192307692307
0 0.5649038461538461 0.16105769230769232 0.03485576923076923 0.055288461538461536
0 0.5216346153846154 0.08173076923076923 0.03485576923076923 0.052884615384615384
0 0.28966346153846156 0.06610576923076923 0.025240384615384616 0.05048076923076923
0 0.24879807692307693 0.09735576923076923 0.026442307692307692 0.055288461538461536
0 0.21514423076923078 0.08653846153846154 0.026442307692307692 0.055288461538461536
0 0.18990384615384615 0.12860576923076922 0.039663461538461536 0.052884615384615384
0 0.19230769230769232 0.19831730769230768 0.040865384615384616 0.07451923076923077
0 0.0733173076923077 0.23557692307692307 0.026442307692307692 0.055288461538461536
0 0.056490384615384616 0.27884615384615385 0.026442307692307692 0.07451923076923077
0 0.16466346153846154 0.2091346153846154 0.020432692307692308 0.06370192307692307