0 0.08774038461538461 0.7536057692307693 0.05048076923076923 0.10817307692307693
0 0.5324519230769231 0.9411057692307693 0.12139423076923077 0.11658653846153846
0 0.052884615384615384 0.2920673076923077 0.036057692307692304 0.06610576923076923
0 0.07451923076923077 0.23197115384615385 0.036057692307692304 0.05889423076923077
0 0.16826923076923078 0.21394230769230768 0.03365384615384615 0.07211538461538461
0 0.17548076923076922 0.15144230769230768 0.03365384615384615 0.06370192307692307
0 0.21394230769230768 0.08413461538461539 0.019230769230769232 0.06370192307692307
0 0.2439903846153846 0.09134615384615384 0.02403846153846154 0.055288461538461536
0 0.28966346153846156 0.054086538461538464 0.019230769230769232 0.052884615384615384
0 0.5360576923076923 0.08774038461538461 0.03365384615384615 0.046875
0 0.5540865384615384 0.15985576923076922 0.030048076923076924 0.052884615384615384
0 0.5949519230769231 0.10697115384615384 0.028846153846153848 0.052884615384615384
0 0.6382211538461539 0.2127403846153846 0.02403846153846154 0.06370192307692307
0 0.6658653846153846 0.1778846153846154 0.042067307692307696 0.06129807692307692