0 0.10576923076923077 0.4182692307692308 0.05048076923076923 0.09134615384615384
0 0.056490384615384616 0.2932692307692308 0.037259615384615384 0.06971153846153846
0 0.08173076923076923 0.23557692307692307 0.042067307692307696 0.06610576923076923
0 0.16346153846153846 0.20552884615384615 0.021634615384615384 0.055288461538461536
0 0.18269230769230768 0.14423076923076922 0.03125 0.078125
0 0.23076923076923078 0.18870192307692307 0.028846153846153848 0.0829326923076923
0 0.21394230769230768 0.08413461538461539 0.025240384615384616 0.05889423076923077
0 0.24519230769230768 0.09254807692307693 0.02403846153846154 0.052884615384615384
0 0.28725961538461536 0.06129807692307692 0.025240384615384616 0.06129807692307692
0 0.5120192307692307 0.07932692307692307 0.028846153846153848 0.052884615384615384
0 0.5492788461538461 0.15144230769230768 0.021634615384615384 0.052884615384615384
0 0.578125 0.109375 0.030048076923076924 0.042067307692307696
0 0.6370192307692307 0.1310096153846154 0.03125 0.06610576923076923
0 0.5480769230769231 0.9411057692307693 0.11778846153846154 0.11658653846153846