0 0.0625 0.09254807692307693 0.02403846153846154 0.052884615384615384
0 0.07692307692307693 0.234375 0.02403846153846154 0.06971153846153846
0 0.10216346153846154 0.2776442307692308 0.026442307692307692 0.07211538461538461
0 0.16826923076923078 0.21153846153846154 0.02403846153846154 0.04447115384615385
0 0.18870192307692307 0.19951923076923078 0.028846153846153848 0.06610576923076923
0 0.21634615384615385 0.13341346153846154 0.021634615384615384 0.06129807692307692
0 0.24759615384615385 0.14302884615384615 0.03485576923076923 0.046875
0 0.21634615384615385 0.07932692307692307 0.026442307692307692 0.046875
0 0.2512019230769231 0.08413461538461539 0.016826923076923076 0.046875
0 0.29447115384615385 0.054086538461538464 0.02403846153846154 0.052884615384615384
0 0.38822115384615385 0.02403846153846154 0.03365384615384615 0.042067307692307696
0 0.49399038461538464 0.06610576923076923 0.030048076923076924 0.055288461538461536
0 0.5625 0.09975961538461539 0.03365384615384615 0.06129807692307692
0 0.6105769230769231 0.1935096153846154 0.021634615384615384 0.06971153846153846
0 0.7415865384615384 0.2247596153846154 0.04447115384615385 0.06610576923076923
0 0.8810096153846154 0.44591346153846156 0.026442307692307692 0.08653846153846154
0 0.5877403846153846 0.6983173076923077 0.0673076923076923 0.16947115384615385