0 0.051682692307692304 0.29086538461538464 0.039663461538461536 0.08653846153846154
0 0.07451923076923077 0.22235576923076922 0.026442307692307692 0.05048076923076923
0 0.17548076923076922 0.15504807692307693 0.030048076923076924 0.07211538461538461
0 0.20673076923076922 0.20192307692307693 0.04447115384615385 0.06971153846153846
0 0.21394230769230768 0.08413461538461539 0.02403846153846154 0.06971153846153846
0 0.25 0.10336538461538461 0.020432692307692308 0.055288461538461536
0 0.28966346153846156 0.0625 0.03485576923076923 0.046875
0 0.5144230769230769 0.09495192307692307 0.020432692307692308 0.04447115384615385
0 0.5588942307692307 0.15384615384615385 0.021634615384615384 0.06370192307692307
0 0.6081730769230769 0.11057692307692307 0.026442307692307692 0.06129807692307692
0 0.6778846153846154 0.20192307692307693 0.037259615384615384 0.07451923076923077
0 0.6899038461538461 0.3245192307692308 0.051682692307692304 0.09495192307692307
0 0.3329326923076923 0.30649038461538464 0.06009615384615385 0.1310096153846154
0 0.5444711538461539 0.8605769230769231 0.109375 0.16105769230769232