0 0.7367788461538461 0.8185096153846154 0.07932692307692307 0.18028846153846154
0 0.671875 0.41346153846153844 0.046875 0.13942307692307693
0 0.6574519230769231 0.25 0.037259615384615384 0.10576923076923077
0 0.6850961538461539 0.21634615384615385 0.039663461538461536 0.06610576923076923
0 0.6081730769230769 0.11538461538461539 0.039663461538461536 0.06971153846153846
0 0.5612980769230769 0.15985576923076922 0.03485576923076923 0.05889423076923077
0 0.5192307692307693 0.08653846153846154 0.036057692307692304 0.06129807692307692
0 0.28966346153846156 0.06129807692307692 0.030048076923076924 0.055288461538461536
0 0.2439903846153846 0.10096153846153846 0.03485576923076923 0.06370192307692307
0 0.21634615384615385 0.08413461538461539 0.028846153846153848 0.05889423076923077
0 0.18509615384615385 0.12620192307692307 0.04927884615384615 0.05889423076923077
0 0.19110576923076922 0.1935096153846154 0.036057692307692304 0.06370192307692307
0 0.16826923076923078 0.2127403846153846 0.016826923076923076 0.07451923076923077
0 0.0733173076923077 0.23317307692307693 0.030048076923076924 0.06610576923076923
0 0.054086538461538464 0.2860576923076923 0.03485576923076923 0.07211538461538461