0 0.7836538461538461 0.6634615384615384 0.08052884615384616 0.171875
0 0.875 0.8269230769230769 0.04927884615384615 0.11899038461538461
0 0.6201923076923077 0.5300480769230769 0.046875 0.09975961538461539
0 0.5901442307692307 0.5805288461538461 0.054086538461538464 0.12740384615384615
0 0.7223557692307693 0.2608173076923077 0.046875 0.0829326923076923
0 0.5144230769230769 0.055288461538461536 0.04447115384615385 0.055288461538461536
0 0.25 0.05889423076923077 0.030048076923076924 0.06129807692307692
0 0.27163461538461536 0.04326923076923077 0.02403846153846154 0.06370192307692307
0 0.2283653846153846 0.10697115384615384 0.021634615384615384 0.052884615384615384
0 0.21153846153846154 0.11778846153846154 0.025240384615384616 0.06370192307692307
0 0.17668269230769232 0.1346153846153846 0.028846153846153848 0.052884615384615384
0 0.1502403846153846 0.12860576923076922 0.026442307692307692 0.052884615384615384
0 0.20192307692307693 0.18990384615384615 0.037259615384615384 0.06971153846153846
0 0.0673076923076923 0.23918269230769232 0.028846153846153848 0.06129807692307692
0 0.038461538461538464 0.3269230769230769 0.03365384615384615 0.05889423076923077