0 0.10697115384615384 0.28846153846153844 0.021634615384615384 0.06610576923076923
0 0.0673076923076923 0.234375 0.026442307692307692 0.06370192307692307
0 0.06490384615384616 0.08173076923076923 0.014423076923076924 0.030048076923076924
0 0.16947115384615385 0.2127403846153846 0.030048076923076924 0.05889423076923077
0 0.21033653846153846 0.20192307692307693 0.042067307692307696 0.06971153846153846
0 0.1935096153846154 0.1310096153846154 0.030048076923076924 0.06129807692307692
0 0.21634615384615385 0.08653846153846154 0.030048076923076924 0.06129807692307692
0 0.25600961538461536 0.08413461538461539 0.028846153846153848 0.052884615384615384
0 0.2980769230769231 0.05889423076923077 0.025240384615384616 0.04447115384615385
0 0.4074519230769231 0.02403846153846154 0.02403846153846154 0.042067307692307696
0 0.5336538461538461 0.08413461538461539 0.028846153846153848 0.05889423076923077
0 0.5733173076923077 0.1045673076923077 0.026442307692307692 0.06971153846153846
0 0.5973557692307693 0.16105769230769232 0.020432692307692308 0.06129807692307692
0 0.6887019230769231 0.15384615384615385 0.03125 0.06370192307692307
0 0.8040865384615384 0.32091346153846156 0.03365384615384615 0.06971153846153846
0 0.578125 0.6850961538461539 0.10216346153846154 0.1310096153846154