0 0.8846153846153846 0.8497596153846154 0.04927884615384615 0.13701923076923078
0 0.8269230769230769 0.6057692307692307 0.04927884615384615 0.13581730769230768
0 0.7295673076923077 0.3076923076923077 0.05048076923076923 0.10096153846153846
0 0.6177884615384616 0.5384615384615384 0.04927884615384615 0.10216346153846154
0 0.5925480769230769 0.6334134615384616 0.056490384615384616 0.09375
0 0.5060096153846154 0.052884615384615384 0.037259615384615384 0.08173076923076923
0 0.25721153846153844 0.046875 0.019230769230769232 0.04567307692307692
0 0.23076923076923078 0.06129807692307692 0.016826923076923076 0.04567307692307692
0 0.21754807692307693 0.09615384615384616 0.02403846153846154 0.054086538461538464
0 0.17427884615384615 0.11298076923076923 0.028846153846153848 0.05889423076923077
0 0.15504807692307693 0.12620192307692307 0.015625 0.05048076923076923
0 0.20432692307692307 0.20432692307692307 0.03245192307692308 0.09254807692307693
0 0.07692307692307693 0.23076923076923078 0.026442307692307692 0.055288461538461536
0 0.04927884615384615 0.32572115384615385 0.042067307692307696 0.05048076923076923