0 0.8966346153846154 0.8485576923076923 0.05889423076923077 0.13581730769230768
0 0.8449519230769231 0.6286057692307693 0.06610576923076923 0.15865384615384615
0 0.6045673076923077 0.6322115384615384 0.08533653846153846 0.1310096153846154
0 0.6201923076923077 0.5432692307692307 0.09014423076923077 0.09735576923076923
0 0.7175480769230769 0.3161057692307692 0.05048076923076923 0.13942307692307693
0 0.5108173076923077 0.06009615384615385 0.046875 0.07451923076923077
0 0.2620192307692308 0.051682692307692304 0.03125 0.052884615384615384
0 0.22716346153846154 0.06490384615384616 0.03485576923076923 0.052884615384615384
0 0.2247596153846154 0.13581730769230768 0.03365384615384615 0.06129807692307692
0 0.20432692307692307 0.19471153846153846 0.04927884615384615 0.07211538461538461
0 0.18269230769230768 0.13701923076923078 0.026442307692307692 0.052884615384615384
0 0.15985576923076922 0.1310096153846154 0.025240384615384616 0.055288461538461536
0 0.07211538461538461 0.234375 0.037259615384615384 0.08052884615384616
0 0.057692307692307696 0.34615384615384615 0.051682692307692304 0.07451923076923077