0 0.07451923076923077 0.21394230769230768 0.020432692307692308 0.05048076923076923
0 0.10216346153846154 0.2848557692307692 0.036057692307692304 0.08052884615384616
0 0.16826923076923078 0.21153846153846154 0.020432692307692308 0.07211538461538461
0 0.18269230769230768 0.16826923076923078 0.021634615384615384 0.06370192307692307
0 0.20552884615384615 0.18870192307692307 0.03365384615384615 0.0889423076923077
0 0.21394230769230768 0.0889423076923077 0.026442307692307692 0.06610576923076923
0 0.25721153846153844 0.0889423076923077 0.028846153846153848 0.06129807692307692
0 0.2980769230769231 0.06009615384615385 0.019230769230769232 0.05889423076923077
0 0.4735576923076923 0.036057692307692304 0.026442307692307692 0.06129807692307692
0 0.5348557692307693 0.08653846153846154 0.025240384615384616 0.06129807692307692
0 0.6189903846153846 0.14423076923076922 0.026442307692307692 0.06610576923076923
0 0.5793269230769231 0.15264423076923078 0.02403846153846154 0.05048076923076923
0 0.6706730769230769 0.140625 0.036057692307692304 0.052884615384615384
0 0.7668269230769231 0.3004807692307692 0.037259615384615384 0.07211538461538461
0 0.5889423076923077 0.6730769230769231 0.12139423076923077 0.125