0 0.8629807692307693 0.49759615384615385 0.03365384615384615 0.078125
0 0.59375 0.6790865384615384 0.0673076923076923 0.1466346153846154
0 0.765625 0.23076923076923078 0.039663461538461536 0.06129807692307692
0 0.7283653846153846 0.22596153846153846 0.036057692307692304 0.08052884615384616
0 0.5060096153846154 0.05889423076923077 0.03365384615384615 0.06610576923076923
0 0.3641826923076923 0.021634615384615384 0.03125 0.038461538461538464
0 0.3016826923076923 0.04567307692307692 0.030048076923076924 0.042067307692307696
0 0.3161057692307692 0.12139423076923077 0.020432692307692308 0.052884615384615384
0 0.2704326923076923 0.1045673076923077 0.026442307692307692 0.05889423076923077
0 0.25600961538461536 0.07451923076923077 0.021634615384615384 0.06129807692307692
0 0.20793269230769232 0.0829326923076923 0.020432692307692308 0.055288461538461536
0 0.17307692307692307 0.21153846153846154 0.020432692307692308 0.07211538461538461
0 0.23076923076923078 0.19591346153846154 0.025240384615384616 0.07451923076923077
0 0.07211538461538461 0.23197115384615385 0.025240384615384616 0.052884615384615384
0 0.0625 0.27403846153846156 0.03365384615384615 0.08052884615384616
0 0.06129807692307692 0.0985576923076923 0.026442307692307692 0.036057692307692304