0 0.6622596153846154 0.1875 0.028846153846153848 0.06370192307692307
0 0.6141826923076923 0.13221153846153846 0.030048076923076924 0.05889423076923077
0 0.5877403846153846 0.10096153846153846 0.025240384615384616 0.046875
0 0.5480769230769231 0.16105769230769232 0.03365384615384615 0.06610576923076923
0 0.5252403846153846 0.07932692307692307 0.03125 0.05889423076923077
0 0.3473557692307692 0.18629807692307693 0.051682692307692304 0.0889423076923077
0 0.28846153846153844 0.06009615384615385 0.025240384615384616 0.06370192307692307
0 0.24639423076923078 0.09615384615384616 0.028846153846153848 0.05889423076923077
0 0.21634615384615385 0.09134615384615384 0.02403846153846154 0.06610576923076923
0 0.23076923076923078 0.18870192307692307 0.039663461538461536 0.078125
0 0.15625 0.16826923076923078 0.04447115384615385 0.06370192307692307
0 0.09254807692307693 0.21995192307692307 0.028846153846153848 0.055288461538461536
0 0.07692307692307693 0.28365384615384615 0.04447115384615385 0.0829326923076923