0 0.07572115384615384 0.2127403846153846 0.028846153846153848 0.052884615384615384
0 0.09975961538461539 0.27884615384615385 0.03125 0.06370192307692307
0 0.16826923076923078 0.2127403846153846 0.020432692307692308 0.046875
0 0.21394230769230768 0.18990384615384615 0.030048076923076924 0.07451923076923077
0 0.1875 0.14182692307692307 0.03125 0.06610576923076923
0 0.21634615384615385 0.08653846153846154 0.021634615384615384 0.06129807692307692
0 0.25600961538461536 0.08052884615384616 0.02403846153846154 0.05048076923076923
0 0.29927884615384615 0.07091346153846154 0.021634615384615384 0.052884615384615384
0 0.5276442307692307 0.09254807692307693 0.020432692307692308 0.042067307692307696
0 0.5612980769230769 0.08052884615384616 0.03365384615384615 0.0829326923076923
0 0.6430288461538461 0.12139423076923077 0.03125 0.052884615384615384
0 0.7235576923076923 0.21634615384615385 0.026442307692307692 0.078125
0 0.78125 0.2980769230769231 0.028846153846153848 0.06370192307692307
0 0.5612980769230769 0.6887019230769231 0.08774038461538461 0.1502403846153846
0 0.9182692307692307 0.6658653846153846 0.040865384615384616 0.125