0 0.8677884615384616 0.7487980769230769 0.0673076923076923 0.1141826923076923
0 0.7572115384615384 0.6141826923076923 0.07211538461538461 0.16706730769230768
0 0.6370192307692307 0.5516826923076923 0.056490384615384616 0.11899038461538461
0 0.6009615384615384 0.5288461538461539 0.03485576923076923 0.10336538461538461
0 0.7548076923076923 0.25721153846153844 0.039663461538461536 0.06971153846153846
0 0.5108173076923077 0.055288461538461536 0.04447115384615385 0.06129807692307692
0 0.28846153846153844 0.05889423076923077 0.03485576923076923 0.055288461538461536
0 0.24759615384615385 0.056490384615384616 0.025240384615384616 0.05889423076923077
0 0.26802884615384615 0.11899038461538461 0.025240384615384616 0.05048076923076923
0 0.24519230769230768 0.12139423076923077 0.02403846153846154 0.052884615384615384
0 0.203125 0.19591346153846154 0.04447115384615385 0.08052884615384616
0 0.125 0.1310096153846154 0.025240384615384616 0.06610576923076923
0 0.07211538461538461 0.234375 0.026442307692307692 0.06971153846153846
0 0.040865384615384616 0.32211538461538464 0.037259615384615384 0.06129807692307692